0.0 1.0 0.0 2.0 0.0 0.0 0.0
0.050100200400801605 0.9974910226087506 -0.10011658278054437 1.994982045217501 -0.20023316556108878 2.8299106195999114e-09 2.8299106195999114e-09
0.10020040080160321 0.9899767101963813 -0.19973079568249857 1.9799534203927627 -0.39946159136499715 4.150521241561121e-08 4.150521241561121e-08
0.15030060120240482 0.977494759455302 -0.29834278276368503 1.954989518910604 -0.5966855655273701 1.071895426966162e-07 1.071895426966162e-07
0.20040080160320642 0.9601081996148214 -0.39545787029372004 1.9202163992296428 -0.7909157405874401 6.133288431338646e-07 6.133288431338646e-07
0.250501002004008 0.9379038940693928 -0.4905886902648294 1.8758077881387856 -0.9811773805296587 1.1826798482182462e-06 1.1826798482182462e-06
0.30060120240480964 0.9109931471619485 -0.5832578292307898 1.8219862943238971 -1.1665156584615797 1.6984936465160768e-06 1.6984936466379464e-06
0.35070140280561124 0.8795103657936402 -0.6729999664666227 1.7590207315872806 -1.3459999329332455 1.4448124503871438e-06 1.444812450513376e-06
0.40080160320641284 0.8436141993115548 -0.7593649502568278 1.6872283986231098 -1.5187299005136556 1.1271271336957946e-06 1.127127133827398e-06
0.45090180360721444 0.8034850002990077 -0.8419195452230711 1.6069700005980159 -1.6838390904461424 1.0160249569429942e-06 1.0160249572193463e-06
0.501002004008016 0.7593239739232063 -0.9202494324287867 1.5186479478464128 -1.8404988648575735 9.302190331383955e-07 9.302190332846076e-07
0.5511022044088176 0.7113526872803806 -0.9939615381989092 1.4227053745607614 -1.9879230763978188 8.296254487301339e-07 8.296254488862062e-07
0.6012024048096193 0.6598117981310383 -1.0626860444212318 1.319623596262077 -2.1253720888424645 6.185736868246338e-07 6.185736871611613e-07
0.6513026052104208 0.6049596547471536 -1.126078385330831 1.2099193094943075 -2.2521567706616628 1.9945363950521777e-07 1.9945363932169763e-07
0.7014028056112225 0.5470720605825676 -1.1838197424060486 1.0941441211651357 -2.3676394848120976 7.970276729370593e-07 7.970276725311814e-07
0.751503006012024 0.4864396324597857 -1.2356198991468863 0.9728792649195717 -2.471239798293773 8.165883894961947e-07 8.165883892679604e-07
0.8016032064128257 0.42336627837981433 -1.281219837222855 0.846732556759629 -2.562439674445711 8.209155307150476e-07 8.209155303216924e-07
0.8517034068136272 0.3581683577728054 -1.3203910983589011 0.7163367155456111 -2.640782196717803 1.1933668097813579e-06 1.1933668094713858e-06
0.9018036072144289 0.2911731734286995 -1.3529365512732487 0.5823463468573992 -2.705873102546499 1.6974461473328186e-06 1.6974461471421724e-06
0.9519038076152304 0.2227169208762324 -1.3786931369424975 0.4454338417524649 -2.7573862738849964 2.3857256169093547e-06 2.3857256166601098e-06
1.002004008016032 0.15314304603396672 -1.3975313500651538 0.30628609206793345 -2.7950627001303086 3.939841818781571e-06 3.939841818781571e-06
1.0521042084168337 0.08280075502660109 -1.4093570188073152 0.16560151005320206 -2.818714037614632 7.521292612458513e-06 7.521292613128926e-06
1.1022044088176353 0.01204294973377779 -1.4141104569016938 0.024085899467555433 -2.828220913803389 5.500287477460336e-05 5.500287478065291e-05
1.1523046092184368 -0.05877523773618391 -1.4117680909087866 -0.1175504754723681 -2.823536181817574 1.1057518038868703e-05 1.1057518041229892e-05
1.2024048096192386 -0.12929845593081388 -1.4023416297961944 -0.2585969118616281 -2.8046832595923896 4.614534574595299e-06 4.614534575883282e-06
1.25250501002004 -0.1991728810541244 -1.3858782208895701 -0.3983457621082491 -2.7717564417791407 2.8210135652514038e-06 2.821013566087531e-06
1.3026052104208417 -0.2680478599536274 -1.3624605292265481 -0.5360957199072551 -2.7249210584530963 1.9387561626559258e-06 1.9387561632772096e-06
1.3527054108216432 -0.3355777733177473 -1.3322060647425387 -0.6711555466354949 -2.6644121294850778 1.3794139761924505e-06 1.3794139766887102e-06
1.402805611222445 -0.40142377279400027 -1.2952666593452125 -0.8028475455880009 -2.5905333186904254 1.011146954548055e-06 1.0111469549629124e-06
1.4529058116232465 -0.46525543920466383 -1.25182764706348 -0.9305108784093282 -2.50365529412696 7.359412451253353e-07 7.359412457219021e-07
1.503006012024048 -0.5267524658084558 -1.202107013273184 -1.053504931616912 -2.4042140265463674 5.140190991213412e-07 5.140190995428764e-07
1.5531062124248498 -0.5856062713142746 -1.1463542687768726 -1.1712125426285496 -2.292708537553745 3.41002550489097e-07 3.4100255086826757e-07
1.6032064128256514 -0.6415215197491457 -1.0848491508889615 -1.283043039498292 -2.1696983017779217 1.865075010085299e-07 1.865075013546518e-07
1.653306613226453 -0.6942176375630725 -1.0179003136979827 -1.3884352751261453 -2.035800627395964 5.471266478833318e-08 5.4712664948257534e-08
1.7034068136272544 -0.7434301989807005 -0.9458436994282763 -1.486860397961401 -1.8916873988565506 5.869637795738542e-08 5.869637795738542e-08
1.7535070140280562 -0.7889122463062748 -0.8690408688991008 -1.5778244926125495 -1.7380817377981996 1.7214757396565568e-07 1.7214757396565568e-07
1.8036072144288577 -0.8304355690581946 -0.7878772429890794 -1.6608711381163892 -1.5757544859781567 2.666563618668699e-07 2.666563618668699e-07
1.8537074148296593 -0.8677917902749784 -0.7027600744668605 -1.7355835805499569 -1.405520148933719 3.6261327546265354e-07 3.6261327546265354e-07
1.9038076152304608 -0.9007933725255054 -0.6141163962926512 -1.8015867450510106 -1.2282327925853005 5.555418360112928e-07 5.555418361345421e-07
1.9539078156312626 -0.9292747446761642 -0.5223910647086987 -1.8585494893523282 -1.0447821294173953 8.05225063339794e-07 8.052250634592659e-07
2.004008016032064 -0.9530932063533659 -0.4280446015691049 -1.9061864127067314 -0.8560892031382079 8.802343895014763e-07 8.802343897344488e-07
2.0541082164328657 -0.9721291474475704 -0.3315504042330946 -1.9442582948951406 -0.6631008084661876 8.867083538536313e-07 8.867083539678365e-07
2.1042084168336674 -0.9862869696705896 -0.23339242367124516 -1.9725739393411785 -0.46678484734248893 9.064273111779087e-07 9.064273115156061e-07
2.1543086172344688 -0.9954955889190518 -0.1340630793918612 -1.9909911778381029 -0.26812615878372137 9.79917640024866e-07 9.799176403594397e-07
2.2044088176352705 -0.9997088604882505 -0.03406104373362382 -1.9994177209765003 -0.06812208746724693 1.0426261508310132e-06 1.0426261511641769e-06
2.2545090180360723 -0.9989056489734 0.06611185181361648 -1.9978112979467992 0.13222370362723326 1.0886850909733018e-06 1.0886850913067334e-06
2.3046092184368736 -0.993089967962182 0.16595300241761496 -1.9861799359243633 0.3319060048352298 1.135532728881425e-06 1.135532729216809e-06
2.3547094188376754 -0.9822910005102926 0.26496140728832646 -1.9645820010205843 0.5299228145766525 1.1834576712763297e-06 1.1834576717284245e-06
2.404809619238477 -0.9665629355123926 0.36264024614764345 -1.9331258710247843 0.7252804922952861 1.2328805539324627e-06 1.2328805543919142e-06
2.4549098196392785 -0.9459846960865611 0.4584993705493938 -1.8919693921731213 0.9169987410987864 1.284058856734272e-06 1.2840588572037178e-06
2.50501002004008 -0.9206595428005273 0.5520577631451995 -1.8413190856010537 1.104115526290397 1.337886222482249e-06 1.3378862229646082e-06
2.555110220440882 -0.8907145488481385 0.6428459670062797 -1.7814290976962763 1.285691934012557 1.4034882258670646e-06 1.4034882262409964e-06
2.6052104208416833 -0.856299969047597 0.7304084357012962 -1.7125999380951935 1.4608168714025895 1.4921094603847042e-06 1.4921094606440109e-06
2.655310621242485 -0.8175884976437069 0.814305758147383 -1.6351769952874133 1.628611516294763 1.6036328672290761e-06 1.6036328675006605e-06
2.7054108216432864 -0.7747743909384615 0.8941169235901015 -1.5495487818769225 1.7882338471801997 1.737957318760146e-06 1.7379573190467382e-06
2.755511022044088 -0.7280724902304706 0.9694414375176643 -1.456144980460941 1.938882875035325 1.8980929891178189e-06 1.8980929892703066e-06
2.80561122244489 -0.6777171265833051 1.0399013472719099 -1.3554342531666104 2.079802694543816 2.1165666098861744e-06 2.116566609722357e-06
2.8557114228456912 -0.6239608160858565 1.1051432661061507 -1.2479216321717135 2.2102865322122978 2.674601063560663e-06 2.674601063204801e-06
2.905811623246493 -0.567073641305874 1.1648393600826101 -1.1341472826117487 2.3296787201652167 3.0833456997298515e-06 3.08334569914251e-06
2.9559118236472948 -0.5073411389641136 1.2186898032070463 -1.0146822779282278 2.4373796064140896 3.141513861521985e-06 3.141513860865492e-06
3.006012024048096 -0.44506274274294627 1.2664252150881816 -0.8901254854858932 2.5328504301763606 3.386661076538115e-06 3.386661075789758e-06
3.056112224448898 -0.38055099338066095 1.3078057928111124 -0.7611019867613227 2.615611585622223 3.834125441618691e-06 3.8341254405976015e-06
3.1062124248496996 -0.3141296701908106 1.3426239065247665 -0.6282593403816221 2.685247813049531 4.41716963892544e-06 4.417169637511733e-06
3.156312625250501 -0.24613203201238817 1.3707047222901445 -0.49226406402477735 2.7414094445802877 5.419118949689187e-06 5.419118947659392e-06
3.2064128256513027 -0.1768993368403329 1.391907488632668 -0.35379867368066686 2.7838149772653358 7.0637731806393715e-06 7.063773177658286e-06
3.256513026052104 -0.10677895354905881 1.4061256587138096 -0.21355790709811867 2.8122513174276196 1.09882063877273e-05 1.098820638278859e-05
3.306613226452906 -0.03612278630525717 1.413287999317575 -0.07224557261051537 2.826575998635151 2.941436024644999e-05 2.941436023223561e-05
3.3567134268537075 0.03471464486795647 1.4133584341646472 0.06942928973591198 2.8267168683292963 2.729997404015613e-05 2.7299974026163884e-05
3.406813627254509 0.10537786092944101 1.4063367713789083 0.2107557218588811 2.812673542757819 7.683392244775955e-06 7.683392240429972e-06
3.4569138276553106 0.17551229058271595 1.3922580923093812 0.3510245811654311 2.784516184618765 3.7780319180781676e-06 3.778031915864194e-06
3.5070140280561124 0.2447659942358556 1.3711931866835427 0.4895319884717107 2.7423863733670886 2.046551339598107e-06 2.046551338577538e-06
3.5571142284569137 0.3127914611181584 1.3432476203059758 0.6255829222363165 2.686495240611955 1.040792065951119e-06 1.040792065418708e-06
3.6072144288577155 0.3792473460385365 1.3085617570350696 0.7584946920770728 2.6171235140701423 3.7377872476212137e-07 3.737787244693775e-07
3.6573146292585172 0.443800167551965 1.2673095280298747 0.88760033510393 2.5346190560597526 1.3065526843294596e-07 1.3065526843294596e-07
3.7074148296593186 0.5061260144226858 1.2196980438724536 1.0122520288453716 2.4393960877449103 5.144905473269172e-07 5.144905473269172e-07
3.7575150300601203 0.5659121244213536 1.1659661257157454 1.1318242488427077 2.331932251431494 8.447645528588435e-07 8.44764552466478e-07
3.8076152304609217 0.6228585070649361 1.106383475030344 1.2457170141298726 2.212766950060691 1.117489586743379e-06 1.1174895863868866e-06
3.8577154308617234 0.6766793961038439 1.0412490169832638 1.3533587922076884 2.0824980339665298 1.3666507253748814e-06 1.3666507248826741e-06
3.907815631262525 0.7271047294055315 0.9708896373944292 1.4542094588110634 1.9417792747888605 1.5873852268351847e-06 1.5873852265298032e-06
3.9579158316633265 0.7738814701604592 0.8956583684188811 1.547762940320919 1.7913167368377643 1.7930419304915225e-06 1.7930419300611385e-06
4.008016032064128 0.8167748499690034 0.815932664171806 1.6335496999380077 1.6318653283436135 2.0426662250456057e-06 2.042666224501896e-06
4.05811623246493 0.8555696370626333 0.7321125932390578 1.7111392741252676 1.4642251864781164 2.3255403203758155e-06 2.32554031985676e-06
4.108216432865731 0.8900712626982459 0.6446189471839432 1.7801425253964926 1.2892378943678868 2.5254346569446284e-06 2.525434656445693e-06
4.158316633266533 0.9201064487369797 0.553890546183002 1.8402128974739602 1.1077810923660039 2.8169722500361427e-06 2.8169722495534944e-06
4.208416833667335 0.9455246621818109 0.46038286166651776 1.8910493243636228 0.9207657233330346 3.001350146794298e-06 3.0013501462072062e-06
4.258517034068136 0.9661981560020695 0.364564929139136 1.93239631200414 0.7291298582782708 3.295216125486133e-06 3.2952161249116034e-06
4.3086172344689375 0.9820233923347267 0.2669177195280771 1.9640467846694545 0.5338354390561522 3.4899495289601325e-06 3.4899495283948613e-06
4.35871743486974 0.9929207864828532 0.16793111706418648 1.9858415729657073 0.33586223412837035 3.7677289322111537e-06 3.7677289317639e-06
4.408817635270541 0.9988357938528728 0.06810188698000558 1.9976715877057467 0.13620377396000793 3.99033730883855e-06 3.990337308282794e-06
4.458917835671342 0.9997387765759117 -0.03206900426158108 1.9994775531518243 -0.06413800852316566 4.117562574013818e-06 4.117562573569614e-06
4.509018036072145 0.9956251068308571 -0.13207897778705893 1.9912502136617147 -0.26415795557412164 4.248059365863409e-06 4.24805936564039e-06
4.559118236472946 0.9865153761116019 -0.23142619173520335 1.973030752223204 -0.46285238347041097 4.434624430669187e-06 4.434624430556648e-06
4.609218436873747 0.9724552517469625 -0.3296121089201096 1.944910503493925 -0.6592242178402237 4.726951128292079e-06 4.726951128292079e-06
4.659318637274549 0.9535153584857775 -0.42614402022964176 1.9070307169715548 -0.8522880404592881 5.057632354248221e-06 5.057632354364655e-06
4.709418837675351 0.9297906066635931 -0.5205374982333361 1.8595812133271856 -1.0410749964666763 5.571507266614937e-06 5.571507266973153e-06
4.759519038076152 0.9014003142642895 -0.6123188883607619 1.802800628528578 -1.2246377767215275 5.990959392757236e-06 5.990959393249899e-06
4.809619238476954 0.8684867945904184 -0.7010276097547903 1.7369735891808358 -1.4020552195095835 6.4816631708875314e-06 6.481663171526698e-06
4.859719438877756 0.8312153065396658 -0.7862185474985244 1.6624306130793307 -1.5724370949970508 6.93681581911491e-06 6.936815819649171e-06
4.909819639278557 0.7897728696127339 -0.8674642557701188 1.5795457392254666 -1.734928511540239 7.365616125031125e-06 7.365616125733995e-06
4.959919839679359 0.7443673203349704 -0.9443569631363344 1.4887346406699395 -1.8887139262726698 7.929542591214885e-06 7.929542592109777e-06
5.01002004008016 0.6952266393847296 -1.016510943051779 1.3904532787694577 -2.0330218861035583 8.463597232597761e-06 8.463597233715597e-06
5.060120240480962 0.6425973129120324 -1.0835640478742852 1.2851946258240634 -2.1671280957485703 9.122313903037864e-06 9.122313904074483e-06
5.110220440881764 0.5867434703313228 -1.1451798200047871 1.1734869406626443 -2.2903596400095725 9.882744089434743e-06 9.882744090570038e-06
5.160320641282565 0.527945434913684 -1.2010491384117943 1.0558908698273664 -2.402098276823586 1.0689591956797862e-05 1.0689591958269885e-05
5.210420841683367 0.466498155471899 -1.2508915098810809 0.9329963109437968 -2.5017830197621582 1.1778845896774682e-05 1.1778845898083617e-05
5.260521042084168 0.40271008865050006 -1.294456996090067 0.8054201773009991 -2.588913992180129 1.3003454016740816e-05 1.3003454017981396e-05
5.31062124248497 0.33690125528338316 -1.331526902923367 0.6738025105667655 -2.6630538058467286 1.4649434523457055e-05 1.4649434524610425e-05
5.3607214428857715 0.269401879273202 -1.3619151863951144 0.5388037585464035 -2.723830372790223 1.705597447806621e-05 1.705597447909646e-05
5.410821643286573 0.2005507141560227 -1.385469496685994 0.4011014283120452 -2.7709389933719826 2.0805151401642466e-05 2.0805151402196042e-05
5.460921843687375 0.13069318976840594 -1.4020714523169564 0.26138637953681193 -2.8041429046339075 2.856184134465133e-05 2.8561841344438962e-05
5.511022044088176 0.06017993336695742 -1.411638039251396 0.12035986673391522 -2.823276078502787 5.306042598769933e-05 5.306042598458633e-05
5.561122244488978 -0.010635261647946107 -1.4141211651083945 -0.021270523295891575 -2.828242330216784 0.0002441349268166676 0.00024413492678664793
5.61122244488978 -0.08139706621548766 -1.409508326680166 -0.1627941324309745 -2.8190166533603276 2.410608055681303e-05 2.410608055169806e-05
5.661322645290581 -0.15175041627899177 -1.3978226031321244 -0.30350083255798244 -2.7956452062642447 8.641475337945546e-06 8.641475334287458e-06
5.7114228456913825 -0.2213422848783135 -1.3791226441100934 -0.4426845697566257 -2.7582452882201833 2.9370650648633e-06 2.937065061853772e-06
5.761523046092185 -0.2898234557203405 -1.3535022956017817 -0.5796469114406796 -2.7070045912035603 8.743059514348157e-08 8.743059763342809e-08
5.811623246492986 -0.35685028893456394 -1.3210901279602567 -0.7137005778691262 -2.6421802559205116 2.0054374417387276e-06 2.0054374440721026e-06
5.861723446893787 -0.42208643928338974 -1.2820487731933043 -0.8441728785667777 -2.564097546386608 3.37510530321797e-06 3.37510530532222e-06
5.9118236472945895 -0.48520455098839715 -1.2365741278073594 -0.9704091019767925 -2.473148255614719 4.4351928887652815e-06 4.435192890595797e-06
5.961923847695391 -0.5458879150085257 -1.184894400170294 -1.0917758300170497 -2.3697888003405883 5.2740027445620636e-06 5.274002746189089e-06
6.012024048096192 -0.6038319883800244 -1.127268812026221 -1.2076639767600468 -2.254537624052443 6.0253480991108e-06 6.025348100765556e-06
6.062124248496994 -0.6587460475918574 -1.0639866803522389 -1.317492095183713 -2.1279733607044777 6.6618399036926e-06 6.6618399050408775e-06
6.112224448897796 -0.7103545327905055 -0.9953655420715426 -1.4207090655810093 -1.9907310841430852 7.220360661211995e-06 7.2203606624623175e-06
6.162324649298597 -0.7583984287320189 -0.9217496516864738 -1.516796857464036 -1.8434993033729477 7.782392590213947e-06 7.782392591385061e-06
6.212424849699399 -0.8026367244585126 -0.8435085568498917 -1.6052734489170233 -1.6870171136997842 8.263497557687409e-06 8.263497558932297e-06
6.2625250501002006 -0.8428474054574652 -0.7610347947866068 -1.6856948109149286 -1.5220695895732157 8.714676295390918e-06 8.714676296444692e-06
6.312625250501002 -0.8788286547465781 -0.6747421671459293 -1.7576573094931547 -1.3494843342918619 9.191349506583016e-06 9.191349507467317e-06
6.362725450901803 -0.910400000916326 -0.5850637831979051 -1.8208000018326504 -1.1701275663958146 9.605968798200688e-06 9.605968799054321e-06
6.412825651302605 -0.9374029610022542 -0.49244957347454643 -1.8748059220045072 -0.9848991469490981 1.003191594847247e-05 1.0031915949064644e-05
6.462925851703407 -0.9597020403691594 -0.39736429399518036 -1.919404080738318 -0.7947285879903665 1.0466985515535765e-05 1.0466985515998496e-05
6.513026052104208 -0.9771853971897442 -0.30028511787672013 -1.954370794379488 -0.6005702357534463 1.0859460055380472e-05 1.0859460055607698e-05
6.56312625250501 -0.9897652256381999 -0.20169913200011247 -1.9795304512763994 -0.40339826400023115 1.1291255209613034e-05 1.1291255209837373e-05
6.613226452905812 -0.9973784541785823 -0.10210107759148326 -1.9947569083571646 -0.2042021551829728 1.1711473114489887e-05 1.1711473114489887e-05
6.663326653306613 -0.999986945601868 -0.001990742507179244 -1.9999738912037364 -0.003981485014364722 1.2058897395250631e-05 1.2058897395028586e-05
6.713426853707415 -0.9975776519214705 0.09812953166992824 -1.9951553038429417 0.19625906333985063 1.2296168805693736e-05 1.2296168805359865e-05
6.763527054108216 -0.9901625704720292 0.19775738924280126 -1.980325140944059 0.39551477848559713 1.251820926039981e-05 1.2518209260063438e-05
6.813627254509018 -0.9777788716607171 0.2963929177510879 -1.9555577433214353 0.592785835502171 1.2765983138444096e-05 1.2765983137876375e-05
6.86372745490982 -0.9604887467597507 0.39354114221247205 -1.9209774935195028 0.78708228442494 1.2990598885374028e-05 1.2990598884680499e-05
6.913827655310621 -0.9383789750665192 0.48871456943394176 -1.8767579501330396 0.9774291388678795 1.3173781209447162e-05 1.3173781208855604e-05
6.963927855711423 -0.9115605024517924 0.5814355966501091 -1.823121004903586 1.1628711933002145 1.331453233868219e-05 1.3314532338073231e-05
7.014028056112225 -0.8801677712901916 0.6712390288400136 -1.7603355425803844 1.3424780576800242 1.3560047398746651e-05 1.356004739811597e-05
7.064128256513026 -0.8443583295989742 0.7576742278758067 -1.6887166591979499 1.515348455751611 1.3900286826485103e-05 1.3900286825564707e-05
7.114228456913827 -0.8043118468114953 0.8403074438374804 -1.608623693622992 1.6806148876749594 1.437756128449971e-05 1.4377561283533486e-05
7.16432865731463 -0.7602293443741068 0.9187240186669134 -1.520458688748215 1.8374480373338267 1.4926896530008287e-05 1.4926896529132072e-05
7.214428857715431 -0.7123320810754186 0.9925304547220588 -1.4246641621508382 1.9850609094441183 1.549114446682552e-05 1.5491144466046247e-05
7.264529058116232 -0.6608603912495286 1.0613563873422496 -1.3217207824990584 2.1227127746845005 1.6098368734448486e-05 1.6098368733440524e-05
7.3146292585170345 -0.6060725349390922 1.1248564192440127 -1.2121450698781855 2.2497128384880276 1.680412185392649e-05 1.680412185301059e-05
7.364729458917836 -0.5482434539747103 1.182711976212264 -1.0964869079494217 2.365423952424531 1.7612268374788203e-05 1.7612268373775694e-05
7.414829659318637 -0.4876633156983307 1.2346327295485529 -0.9753266313966624 2.469265459097109 1.860301263274972e-05 1.860301263172526e-05
7.4649298597194385 -0.4246360900559829 1.2803581114682812 -0.8492721801119666 2.5607162229365663 1.991075148265064e-05 1.9910751481735574e-05
7.515030060120241 -0.35947807180681823 1.3196586959713197 -0.7189561436136371 2.639317391942644 2.1644501742304115e-05 2.1644501741377607e-05
7.565130260521042 -0.2925162324018545 1.352337289884237 -0.5850324648037093 2.704674579768479 2.407386155491664e-05 2.407386155434734e-05
7.615230460921843 -0.22408657454564718 1.3782298984952046 -0.44817314909129435 2.7564597969904145 2.7897691913719588e-05 2.7897691913719588e-05
7.6653306613226455 -0.1545324650784 1.3972065496058725 -0.3090649301567998 2.7944130992117504 3.509726530507424e-05 3.509726530561305e-05
7.715430861723447 -0.08420294170334092 1.4091721004382374 -0.1684058834066814 2.818344200876479 5.397309217756917e-05 5.397309218020605e-05
7.765531062124248 -0.013450907575421008 1.414066500996687 -0.02690181515084135 2.8281330019933786 0.00026956984109269364 0.00026956984111744863
7.81563126252505 0.057368603791694964 1.4118652200235289 0.11473720758339076 2.823730440047062 4.657559578084397e-05 4.657559578810148e-05
7.865731462925852 0.12790022744127816 1.4025792820993672 0.25580045488255737 2.805158564198738 1.3205991766999271e-05 1.3205991771122507e-05
7.915831663326653 0.1977900462120856 1.3862552533446082 0.3955800924241723 2.772510506689219 3.4942600117744046e-06 3.494260014580984e-06
7.965931863727455 0.2666873595136268 1.3629750382392205 0.533374719027255 2.725950076478443 1.1739744982859875e-06 1.1739744957881824e-06
8.016032064128256 0.3342464406558783 1.3328554659239227 0.668492881311758 2.6657109318478462 3.952959928280156e-06 3.952959926121143e-06
8.066132264529058 0.40012827892243225 1.2960476843114346 0.8002565578448659 2.5920953686228696 5.82381006822224e-06 5.823810066418716e-06
8.11623246492986 0.4640022771078178 1.2527363751860916 0.9280045542156372 2.5054727503721828 7.197799547668147e-06 7.1977995458736275e-06
8.16633266533066 0.5255479017502348 1.203138802331599 1.0510958035004712 2.4062776046631957 8.298076664242916e-06 8.298076662764174e-06
8.216432865731463 0.5844563208930439 1.1475038689776575 1.1689126417860891 2.295007737955311 9.21765839486733e-06 9.217658393727592e-06
8.266533066132265 0.6404319460620485 1.0861108183609705 1.2808638921240978 2.172221636721936 9.996143723718022e-06 9.996143723024607e-06
8.316633266533065 0.6931938519331792 1.0192676219974612 1.386387703866359 2.0385352439949167 1.0734934170450306e-05 1.0734934169969828e-05
8.366733466933868 0.7424773334147319 0.9473098694771139 1.4849546668294642 1.8946197389542216 1.1379015590720779e-05 1.1379015590421722e-05
8.41683366733467 0.7880350848825983 0.8705986045648412 1.5760701697651966 1.7411972091296763 1.1955904210271485e-05 1.1955904210271485e-05
8.46693386773547 0.8296384441730591 0.7895186814613112 1.6592768883461178 1.5790373629226166 1.2548488759297944e-05 1.2548488759565581e-05
8.517034068136272 0.8670787297967408 0.7044770684590752 1.734157459593481 1.4089541369181449 1.3064891024895194e-05 1.3064891025279313e-05
8.567134268537075 0.9001680325071447 0.6159004357584034 1.8003360650142886 1.2318008715168016 1.3558782829820022e-05 1.3558782830313356e-05
8.617234468937875 0.9287402697041343 0.5242332196384147 1.8574805394082672 1.0484664392768248 1.4082276293539988e-05 1.4082276294257223e-05
8.667334669338677 0.9526521546886939 0.42993549434187794 1.9053043093773865 0.8598709886837521 1.4545743573585577e-05 1.4545743574284809e-05
8.71743486973948 0.9717836309430864 0.3334803776575692 1.9435672618861715 0.6669607553151357 1.5027698518064222e-05 1.5027698518749689e-05
8.76753507014028 0.9860387122135797 0.2353519063877005 1.972077424427158 0.47070381277539936 1.5516841323644488e-05 1.5516841324432635e-05
8.817635270541082 0.9953459185393921 0.13604250589737915 1.9906918370787827 0.27208501179475775 1.596597882315753e-05 1.596597882393831e-05
8.867735470941884 0.9996584651662164 0.0360504664253261 1.9993169303324312 0.07210093285065267 1.646228146040889e-05 1.6462281461186297e-05
8.917835671342685 0.9989549506029445 -0.06412238161768047 1.9979099012058874 -0.12824476323535955 1.6771170037879267e-05 1.6771170038657223e-05
8.967935871743487 0.993238747518841 -0.16397345495838145 1.9864774950376807 -0.3279469099167605 1.705397475776962e-05 1.7053974758440276e-05
9.01803607214429 0.9825385006984183 -0.26300172176967074 1.9650770013968355 -0.5260034435393383 1.73527054576275e-05 1.735270545819247e-05
9.06813627254509 0.9669079329143192 -0.360710247104656 1.9338158658286375 -0.7214204942093077 1.7640591319905693e-05 1.764059132036497e-05
9.118236472945892 0.9464255195126562 -0.4566087172961786 1.8928510390253117 -0.9132174345923507 1.7875932009256556e-05 1.787593200960847e-05
9.168336673346694 0.921194044719832 -0.550215901570906 1.842388089439664 -1.1004318031418028 1.805302817390717e-05 1.805302817390717e-05
9.218436873747494 0.8913399730481192 -0.6410621520697666 1.7826799460962388 -1.2821243041395223 1.833263262427625e-05 1.8332632624027145e-05
9.268537074148297 0.8570131163235618 -0.728691605004386 1.7140262326471247 -1.4573832100087611 1.8722251444079765e-05 1.872225144343205e-05
9.318637274549099 0.8183857466405002 -0.8126645231576782 1.6367714932810018 -1.6253290463153467 1.9213872759411735e-05 1.921387275859779e-05
9.3687374749499 0.775651712030162 -0.8925595062962507 1.551303424060326 -1.7851190125924932 1.980558216446006e-05 1.9805582163171874e-05
9.418837675350701 0.729025529129476 -0.9679756362605684 1.4580510582589543 -1.93595127252113 2.0413160586478616e-05 2.041316058495576e-05
9.468937875751504 0.678741146422983 -1.0385344687871132 1.3574822928459687 -2.077068937574221 2.1075885465268383e-05 2.1075885463305573e-05
9.519038076152304 0.6250508692371359 -1.1038819407956828 1.2501017384742747 -2.2077638815913616 2.184607616736315e-05 2.1846076165054126e-05
9.569138276553106 0.5682240679459426 -1.1636900995597603 1.136448135891888 -2.3273801991195184 2.2842753684934615e-05 2.284275368239467e-05
9.619238476953909 0.508545958021164 -1.217658933165442 1.0170919160423308 -2.4353178663308856 2.4033834877584335e-05 2.403383487474633e-05
9.669338677354709 0.44631598960032365 -1.2655175943582981 0.89263197920065 -2.5310351887166025 2.5539051256080632e-05 2.5539051253095678e-05
9.719438877755511 0.3818464128976372 -1.307025867510124 0.7636928257952766 -2.6140517350202583 2.7575933676796067e-05 2.7575933673888637e-05
9.769539078156313 0.31546080473999105 -1.3419755624861331 0.6309216094799839 -2.683951124972279 3.0271533497466516e-05 3.0271533494651107e-05
9.819639278557114 0.2474922477425317 -1.3701912708688184 0.4949844954850644 -2.7403825417376524 3.4345616191382116e-05 3.4345616189363535e-05
9.869739478957916 0.17828178532444436 -1.3915313297287382 0.35656357064888894 -2.7830626594574936 4.1549459987009594e-05 4.154945998638689e-05
9.919839679358718 0.10817674235926636 -1.4058887829352291 0.21635348471853205 -2.8117775658704764 5.774941905964705e-05 5.774941906272578e-05
9.969939879759519 0.037528888717421084 -1.4131915447981234 0.07505777743484053 -2.826383089596266 0.00013427596468286118 0.00013427596470467584
10.02004008016032 -0.03330724802773496 -1.413403030452747 -0.0666144960554725 -2.826806060905513 0.00011325060657184665 0.00011325060661060039
10.070140280561123 -0.10397621850802649 -1.4065221747378953 -0.20795243701605648 -2.8130443494758084 2.358898020654988e-05 2.35889802233676e-05
10.120240480961924 -0.17412343393464627 -1.392583448071395 -0.3482468678692968 -2.785166896142805 6.402512642868144e-06 6.402512655142156e-06
10.170340681362726 -0.24339690621969537 -1.371656776361455 -0.4867938124393957 -2.7433135527229227 9.335730687696937e-07 9.335730586206579e-07
10.220440881763528 -0.3114490204965111 -1.3438471745995069 -0.6228980409930276 -2.687694349199023 5.0412575420958094e-06 5.041257533362333e-06
10.270541082164328 -0.37793828849890865 -1.3092942029123311 -0.7558765769978231 -2.618588405824668 7.706256250511911e-06 7.706256242874269e-06
10.32064128256513 -0.4425310661479522 -1.2681712524452728 -0.8850621322959104 -2.536342504890548 9.60665331930424e-06 9.60665331253054e-06
10.370741482965931 -0.5049032044099891 -1.220684580594128 -1.0098064088199845 -2.4413691611882546 1.1100481900414954e-05 1.1100481894258149e-05
10.420841683366733 -0.5647417486163399 -1.1670725501661678 -1.1294834972326857 -2.3341451003323304 1.2288316149940218e-05 1.2288316144632366e-05
10.470941883767535 -0.6217464044743574 -1.107604129660876 -1.2434928089487203 -2.215208259321743 1.3311789980815066e-05 1.3311789976350994e-05
10.521042084168336 -0.6756311234373552 -1.042577762684324 -1.3512622468747153 -2.085155525368635 1.4223586016744036e-05 1.4223586013128962e-05
10.571142284569138 -0.7261255502954698 -0.9723198584983916 -1.4522511005909438 -1.9446397169967682 1.5006878091975423e-05 1.5006878089070427e-05
10.62124248496994 -0.7729762615688813 -0.8971828719378941 -1.545952523137766 -1.7943657438757707 1.575143192591185e-05 1.575143192375744e-05
10.67134268537074 -0.8159481952293585 -0.8175439184924922 -1.6318963904587191 -1.6350878369849653 1.643034644888886e-05 1.6430346447528228e-05
10.721442885771543 -0.8548257365653075 -0.7338026173699156 -1.7096514731306163 -1.467605234739811 1.7040241122399458e-05 1.704024112162021e-05
10.771543086172345 -0.8894137373237255 -0.6463790956588715 -1.7788274746474515 -1.2927581913177224 1.76659334056545e-05 1.7665933405404853e-05
10.821643286573146 -0.91953870398216 -0.5557121239472267 -1.839077407964319 -1.1114242478944327 1.8237980292521205e-05 1.8237980293004142e-05
10.871743486973948 -0.9450494638252247 -0.46225664814065787 -1.8900989276504474 -0.9245132962812961 1.8774219417449972e-05 1.8774219418507252e-05
10.92184368737475 -0.9658179321736258 -0.36648156938440163 -1.9316358643472487 -0.7329631387687849 1.9357945669884395e-05 1.9357945671378734e-05
10.97194388777555 -0.9817399967789334 -0.26886757503819514 -1.963479993557863 -0.5377351500763741 1.988683202610958e-05 1.9886832028032025e-05
11.022044088176353 -0.9927357271989073 -0.16990444957320774 -1.98547145439781 -0.3398088991464018 2.0403120640464447e-05 2.0403120642812927e-05
11.072144288577155 -0.9987498794840277 -0.0700887637657247 -1.99749975896805 -0.14017752753143875 2.0980241468908107e-05 2.0980241471575922e-05
11.122244488977955 -0.9997524993315307 0.030078535687515732 -1.9995049986630553 0.06015707137503883 2.139834093620646e-05 2.139834093920474e-05
11.172344689378757 -0.9957384635306341 0.1300948751977657 -1.991476927061262 0.2601897503955351 2.1754605848215558e-05 2.175460585133742e-05
11.22244488977956 -0.9867278589964387 0.22945840213836682 -1.9734557179928711 0.45891680427673365 2.2107999330363527e-05 2.2107999333513893e-05
11.27254509018036 -0.9727658792515429 0.3276705214719468 -1.9455317585030798 0.65534104294389 2.2483986867845253e-05 2.248398687092671e-05
11.322645290581162 -0.9539226710603947 0.4242383676573175 -1.9078453421207837 0.8484767353146286 2.2797174845434147e-05 2.279717484846009e-05
11.372745490981965 -0.930292750503401 0.518677381467139 -1.8605855010067969 1.0373547629342699 2.3088276923992855e-05 2.308827692673764e-05
11.422845691382765 -0.9019946478549538 0.6105136914405923 -1.8039892957099029 1.221027382881175 2.340709404155106e-05 2.3407094044135792e-05
11.472945891783567 -0.8691703039495722 0.6992864685100624 -1.7383406078991404 1.3985729370201134 2.382634333917172e-05 2.3826343341470874e-05
11.52304609218437 -0.8319843998819842 0.7845502805804933 -1.663968799763965 1.569100561160973 2.4398625160421727e-05 2.4398625162556758e-05
11.57314629258517 -0.7906236111208437 0.8658772534030276 -1.5812472222416845 1.7317545068060394 2.5052928146589692e-05 2.5052928148415153e-05
11.623246492985972 -0.7452955097916951 0.9428592721531747 -1.4905910195833878 1.8857185443063318 2.577605491237088e-05 2.577605491400944e-05
11.673346693386774 -0.6962275564186529 1.0151100160441406 -1.3924551128373042 2.0302200320882626 2.65809483997038e-05 2.658094840082001e-05
11.723446893787575 -0.64366598123559 1.0822669322364327 -1.2873319624711794 2.1645338644728462 2.748105188145577e-05 2.7481051881973208e-05
11.773547094188377 -0.5878745258565546 1.1439930610188496 -1.1757490517131095 2.2879861220376805 2.852965850374464e-05 2.8529658503555792e-05
11.823647294589179 -0.5291331050982286 1.1999786137365698 -1.0582662101964586 2.3999572274731227 2.987000483646667e-05 2.9870004835207793e-05
11.87374749498998 -0.4677365189059173 1.2499427183526388 -0.9354730378118367 2.4998854367052634 3.154702718710381e-05 3.154702718484896e-05
11.923847695390782 -0.4039928755786146 1.2936346719682943 -0.8079857511572319 2.587269343936579 3.367864368438907e-05 3.367864368095403e-05
11.973947895791584 -0.3382220112893403 1.3308351588257368 -0.6764440225786837 2.6616703176514678 3.6628566615491284e-05 3.6628566610895914e-05
12.024048096192384 -0.2707540029391715 1.3613575588668236 -0.5415080058783464 2.7227151177336437 4.088015010004999e-05 4.088015009389951e-05
12.074148296593187 -0.20192739073568505 1.3850487349518028 -0.40385478147137355 2.7700974699036056 4.785763428607889e-05 4.785763427755719e-05
12.124248496993989 -0.13208752045496086 1.4017897285926852 -0.2641750409099251 2.803579457185374 6.211759737677188e-05 6.211759736395474e-05
12.17434869739479 -0.06158486142477704 1.411496599724848 -0.12316972284955716 2.8229931994497033 0.00010852678687624722 0.00010852678685123674
12.224448897795591 0.009226792597890955 1.4141207339923414 0.018453585195779294 2.828241467984693 0.0005524198449613295 0.0005524198448194921
12.274549098196394 0.07999211279718468 1.4096489789549338 0.15998422559436726 2.8192979579098787 4.3061847035209835e-05 4.306184702202407e-05
12.324649298597194 0.15035603088493882 1.398103678846239 0.3007120617698761 2.7962073576924906 1.178903296289144e-05 1.1789032957722607e-05
12.374749498997996 0.21996547547664194 1.3795427272950544 0.43993095095328305 2.7590854545901218 4.4927697256821616e-07 4.492769706754927e-07
12.424849699398798 0.28847112614215675 1.3540593299878543 0.5769422522843132 2.708118659975721 5.516123538493918e-06 5.516123539071211e-06
12.474949899799599 0.35552922373745677 1.3217813473246849 0.7110584474749138 2.6435626946493813 9.252929864001216e-06 9.252929863688946e-06
12.525050100200401 0.42080328901771585 1.2828706958735143 0.8416065780354324 2.565741391747039 1.181634428210584e-05 1.1816344281314347e-05
12.575150300601202 0.4839657915549998 1.2375225916693375 0.9679315831100007 2.4750451833386844 1.3675681323773131e-05 1.367568132262614e-05
12.625250501002004 0.5446997834641512 1.1859645942699333 1.0893995669283039 2.371929188539875 1.509270095735114e-05 1.50927009559244e-05
12.675350701402806 0.6027004903838301 1.128455457464321 1.205400980767662 2.2569109149286506 1.623558714787645e-05 1.623558714640281e-05
12.725450901803606 0.6576768581544745 1.065283807111534 1.315353716308951 2.130567614223075 1.720029589889156e-05 1.7200295897372297e-05
12.775551102204409 0.7093529962573769 0.996766591714953 1.418705992514756 1.9935331834299115 1.8066786646119317e-05 1.8066786644554224e-05
12.82565130260521 0.7574696076667033 0.9232476286272191 1.5149392153334094 1.846495257254442 1.8847409857754768e-05 1.8847409855995958e-05
12.875751503006011 0.801785202269298 0.8450957496799806 1.6035704045385988 1.6901914993599634 1.961822135002983e-05 1.9618221348229768e-05
12.925851703406813 0.8420774808244174 0.7627032338399982 1.6841549616488378 1.5254064676799977 2.0299270650839238e-05 2.0299270648993468e-05
12.975951903807616 0.8781442380336848 0.6764835337498531 1.7562884760673727 1.3529670674997063 2.093233748312358e-05 2.093233748135362e-05
13.026052104208416 0.9098044498683027 0.5868692417774347 1.8196088997366082 1.1737384835548688 2.157580271040639e-05 2.157580270882005e-05
13.076152304609218 0.9368993278310328 0.4943101399933612 1.8737986556620687 0.9886202799867216 2.2148116448598945e-05 2.2148116446939987e-05
13.12625250501002 0.9592928780853158 0.39927064023757464 1.9185857561706348 0.7985412804751488 2.2695028850309107e-05 2.2695028848688875e-05
13.176352705410821 0.9768726688008424 0.3022276066375922 1.953745337601688 0.6044552132751846 2.328695583256878e-05 2.3286955830977708e-05
13.226452905811623 0.989550578953935 0.20366805738440805 1.9791011579078732 0.4073361147688169 2.3832656525115778e-05 2.3832656523432896e-05
13.276553106212425 0.9972629569194499 0.10408653252008601 1.994525913838903 0.20817306504017338 2.437375765861609e-05 2.4373757656946224e-05
13.326653306613226 0.9999711353010696 0.00398275752370917 1.9999422706021426 0.007965515047419998 2.488274903070384e-05 2.48827490290385e-05
13.376753507014028 0.997661606807801 -0.09614092759000362 1.9953232136156056 -0.19228185518000607 2.528257319024782e-05 2.5282573188467345e-05
13.42685370741483 0.9903458468421699 -0.19578218171604184 1.980691693684343 -0.39156436343208456 2.5691340404777867e-05 2.569134040309634e-05
13.47695390781563 0.9780605444660058 -0.2944410210186194 1.9561210889320149 -0.5888820420372421 2.613502587424255e-05 2.6135025872539903e-05
13.527054108216433 0.960867390260025 -0.3916223518754959 1.921734780520053 -0.7832447037509968 2.6574340932296958e-05 2.657434093067939e-05
13.577154308617235 0.9388526382291885 -0.4868385404739575 1.87770527645838 -0.973677080947922 2.7035499682384944e-05 2.7035499680847695e-05
13.627254509018035 0.9121267628692104 -0.5796117905238793 1.8242535257384231 -1.159223581047767 2.751904509912874e-05 2.7519045097789878e-05
13.677354709418838 0.8808238693444477 -0.6694765772790999 1.7616477386888973 -1.3389531545582094 2.803690192290144e-05 2.8036901921767076e-05
13.72745490981964 0.8451010400604243 -0.7559819414400756 1.69020208012085 -1.5119638828801618 2.8591615960601058e-05 2.859161595981285e-05
13.77755511022044 0.805137532156427 -0.8386938305702831 1.610275064312855 -1.6773876611405774 2.9192318468579434e-05 2.919231846802788e-05
13.827655310621243 0.7611338741164702 -0.9171971892310331 1.5222677482329408 -1.834394378462078 2.9861732922258065e-05 2.9861732921966344e-05
13.877755511022045 0.7133107706722196 -0.9910982382126313 1.426621541344439 -1.9821964764252724 3.0765560681516346e-05 3.076556068167198e-05
13.927855711422845 0.6619082871678064 -1.060025977496316 1.323816574335612 -2.1200519549926384 3.182729701780246e-05 3.182729701830564e-05
13.977955911823647 0.6071844906134551 -1.1236342129174501 1.2143689812269094 -2.247268425834902 3.288267324327123e-05 3.2882673244002595e-05
14.02805611222445 0.5494138741232 -1.1816040528611398 1.0988277482463988 -2.363208105722276 3.4139922815284846e-05 3.413992281629518e-05
14.07815631262525 0.48888629302680797 -1.2336447753704725 0.977772586053615 -2.467289550740938 3.5757694478684876e-05 3.575769447970676e-05
14.128256513026052 0.42590549736158423 -1.2794950607614923 0.8518109947231676 -2.5589901215229744 3.7850457732278775e-05 3.785045773332143e-05
14.178356713426854 0.3607875381068456 -1.3189249247866033 0.7215750762136909 -2.6378498495731946 4.064926959714171e-05 4.064926959760328e-05
14.228456913827655 0.29385914815895275 -1.351736433152669 0.5877182963179057 -2.7034728663053254 4.475029736512006e-05 4.475029736474226e-05
14.278557114228457 0.22545621382859035 -1.3777650369532144 0.45091242765718154 -2.7555300739064164 5.118343645790374e-05 5.118343645605721e-05
14.32865731462926 0.15592193850388608 -1.396880014540286 0.3118438770077736 -2.7937600290805604 6.337566537805064e-05 6.337566537342268e-05
14.37875751503006 0.08560528615983853 -1.4089855458972609 0.17121057231967907 -2.817971091794511 9.509798501846077e-05 9.50979850067897e-05
14.428857715430862 0.014859065299108321 -1.4140207743571018 0.02971813059821915 -2.8280415487141943 0.0004281591434523329 0.00042815914336796236
14.478957915831664 -0.05596167627575743 -1.41196068580884 -0.111923352551512 -2.8239213716176725 8.067688363666179e-05 8.067688361111703e-05
14.529058116232465 -0.12650161040480382 -1.4028154086267173 -0.2530032208096044 -2.8056308172534288 2.0929080358864385e-05 2.0929080346138406e-05
14.579158316633267 -0.19640676817295272 -1.3866308296770906 -0.39281353634590194 -2.7732616593541777 3.925509485191837e-06 3.925509476288844e-06
14.629258517034069 -0.26532635646285313 -1.3634882073748018 -0.5306527129257027 -2.7269764147496023 4.211687129528223e-06 4.211687136223183e-06
14.67935871743487 -0.33291454848809654 -1.3335036581728708 -0.6658290969761895 -2.667007316345743 9.009576610240266e-06 9.009576615575992e-06
14.729458917835672 -0.3988321868371433 -1.2968276403222894 -0.7976643736742831 -2.593655280644582 1.2205512950811171e-05 1.220551295512583e-05
14.779559118236472 -0.4627485542283538 -1.2536441576127444 -0.9254971084567046 -2.5072883152254946 1.4389842991074604e-05 1.4389842994313468e-05
14.829659318637274 -0.5243427539808838 -1.204170003205414 -1.048685507961765 -2.4083400064108353 1.626815851327544e-05 1.6268158515816234e-05
14.879759519038076 -0.5833058905209437 -1.1486533331338165 -1.166611781041885 -2.2973066662676422 1.764172322539417e-05 1.7641723227487795e-05
14.929859719438877 -0.6393420471775805 -1.0873727410123892 -1.2786840943551592 -2.1747454820247887 1.872756564648809e-05 1.872756564787727e-05
14.97995991983968 -0.6921700481293062 -1.0206357118193157 -1.3843400962586112 -2.041271423638643 1.9588611172437078e-05 1.958861117323905e-05
15.030060120240481 -0.7415247731786622 -0.9487771404476646 -1.4830495463573237 -1.8975542808953416 2.032289976244562e-05 2.0322899762894775e-05
15.080160320641282 -0.7871585448315509 -0.8721576256450325 -1.574317089663102 -1.7443152512900775 2.098309688198729e-05 2.098309688184625e-05
15.130260521042084 -0.8288423618460135 -0.7911616634999258 -1.6576847236920276 -1.5823233269998638 2.1602950789718097e-05 2.160295078931626e-05
15.180360721442886 -0.8663670830212714 -0.7061956309416911 -1.732734166042544 -1.412391261883394 2.21634396370086e-05 2.2163439636367876e-05
15.230460921843687 -0.8995444629956305 -0.6176856957479889 -1.7990889259912626 -1.2353713914959885 2.2619247825436264e-05 2.2619247824572338e-05
15.280561122244489 -0.9282077346434473 -0.5260766581025954 -1.8564154692868968 -1.0521533162052004 2.3292264528973528e-05 2.3292264527777463e-05
15.330661322645291 -0.9522130491449375 -0.4318280824721349 -1.9044260982898777 -0.8636561649442782 2.4187932074424896e-05 2.41879320730258e-05
15.380761523046091 -0.9714404822881784 -0.3354123375834958 -1.9428809645763598 -0.6708246751669986 2.474929421771263e-05 2.474929421611266e-05
15.430861723446894 -0.9857932189259022 -0.23731350934618714 -1.9715864378518078 -0.4746270186923796 2.5338811038100825e-05 2.5338811036411533e-05
15.480961923847696 -0.9951993269051239 -0.13802384991755104 -1.9903986538102512 -0.2760476998351054 2.587134414461488e-05 2.5871344142941558e-05
15.531062124248496 -0.9996115304314721 -0.03804157603441241 -1.9992230608629475 -0.07608315206882603 2.643013965607454e-05 2.64301396544086e-05
15.581162324649299 -0.999007774376616 0.062131576261776206 -1.9980155487532352 0.12426315252355347 2.6935232542091406e-05 2.6935232540535593e-05
15.6312625250501 -0.9933910107864051 0.16199295484333498 -1.9867820215728134 0.32398590968667323 2.7469716521758556e-05 2.7469716520193944e-05
15.681362725450901 -0.9827894591196168 0.2610414311454697 -1.9655789182392367 0.5220828622909445 2.8004162755655895e-05 2.8004162754074406e-05
15.731462925851703 -0.9672562969917216 0.3587800029875092 -1.9345125939834455 0.7175600059750249 2.8565295557940235e-05 2.8565295556677682e-05
15.781563126252506 -0.9468694904136079 0.4547182147803491 -1.8937389808272178 0.909436429560706 2.9137817030036334e-05 2.9137817028981097e-05
15.831663326653306 -0.9217313323457171 0.5483746603101284 -1.8434626646914356 1.0967493206202656 2.9736289365605446e-05 2.9736289364882768e-05
15.881763527054108 -0.8919679558865499 0.6392793627742268 -1.7839359117731006 1.2785587255484634 3.037949014451647e-05 3.0379490144018612e-05
15.93186372745491 -0.8577287360601271 0.7269761841085778 -1.715457472120255 1.4539523682171664 3.105140363666649e-05 3.105140363627819e-05
15.98196392785571 -0.819185452194419 0.811025040371273 -1.638370904388838 1.6220500807425569 3.180154836120506e-05 3.180154836120506e-05
16.03206412825651 -0.7765315663413598 0.8910042201696963 -1.5530631326827193 1.782008440339403 3.2580944745256225e-05 3.258094474539919e-05
16.082164328657313 -0.7299811297248843 0.9665124059046185 -1.4599622594497677 1.933024811809247 3.33817370854022e-05 3.338173708601054e-05
16.132264529058116 -0.67976764288215 1.0371706507397267 -1.3595352857642986 2.0743413014794627 3.434624650752359e-05 3.4346246508503496e-05
16.182364729458918 -0.6261431230748743 1.1026244190996848 -1.252286246149747 2.205248838199378 3.544807920651107e-05 3.544807920775221e-05
16.23246492985972 -0.5693766415658686 1.162545261338733 -1.1387532831317353 2.325090522677473 3.6764037995554595e-05 3.676403799730944e-05
16.282565130260522 -0.5097530504965934 1.2166324958528825 -1.0195061009931843 2.433264991705771 3.838066455827057e-05 3.838066456066624e-05
16.33266533066132 -0.44757153948484885 1.2646147143577156 -0.895143078969695 2.5292294287154355 4.0435694738385576e-05 4.043569474136212e-05
16.382765531062123 -0.3831441326298781 1.3062511446411271 -0.7662882652597535 2.6125022892822574 4.316866687352172e-05 4.3168666877143646e-05
16.432865731462925 -0.316794104223609 1.3413328003996878 -0.6335882084472151 2.682665600799377 4.7091236665900744e-05 4.7091236670456453e-05
16.482965931863728 -0.248854372555799 1.369683564983403 -0.49770874511159513 2.7393671299668054 5.3303202109207165e-05 5.33032021150066e-05
16.53306613226453 -0.17966595624973714 1.391161417715672 -0.35933191249947144 2.7823228354313416 6.394032524647464e-05 6.394032525435283e-05
16.583166332665332 -0.10957595567151276 1.4056583101851605 -0.21915191134302292 2.8113166203703175 8.834908169224182e-05 8.834908170414587e-05
16.63326653306613 -0.03893615104749268 1.4131017970376378 -0.077872302094983 2.8262035940752703 0.0001998411408394522 0.0001998411408697422
16.683366733466933 0.03189900030829787 1.4134544626295669 0.06379800061659782 2.826908925259127 0.00018220265077197124 0.00018220265080460624
16.733466933867735 0.10257408694492172 1.4067144695243816 0.20514817388984527 2.8134289390487557 3.717928783267534e-05 3.717928784160516e-05
16.783567134268537 0.17273446240334833 1.392915567160724 0.3454689248066981 2.7858311343214397 1.0411180342002176e-05 1.0411180346179992e-05
16.83366733466934 0.24202805593602308 1.3721268529716986 0.48405611187204717 2.744253705943388 9.628658888277058e-07 9.628658867634827e-07
16.88376753507014 0.31010713930385875 1.344452852589955 0.6202142786077182 2.688905705179901 7.3723033331462155e-06 7.372303332072185e-06
16.93386773547094 0.37663006747066324 1.310032148478948 0.7532601349413266 2.6200642969578865 1.1623408673570667e-05 1.162340867342328e-05
16.983967935871743 0.4412630388140713 1.269037949907482 0.8825260776281423 2.538075899814954 1.4706233424868486e-05 1.4706233425245881e-05
17.034068136272545 0.5036816963459183 1.2216756585536952 1.0073633926918357 2.4433513171073806 1.7157029677637225e-05 1.7157029678518895e-05
17.084168336673347 0.5635728597263887 1.1681832097726004 1.127145719452776 2.3363664195451923 1.9145718403414923e-05 1.9145718404596883e-05
17.13426853707415 0.6206360004422822 1.1088289065367063 1.2412720008845626 2.217657813073405 2.081822498279626e-05 2.081822498422731e-05
17.18436873747495 0.6745847439708741 1.043910507255925 1.3491694879417462 2.087821014511843 2.231969915583489e-05 2.2319699157316065e-05
17.23446893787575 0.7251484660004374 0.9737539383391939 1.4502969320008725 1.9475078766783824 2.3579875774573804e-05 2.3579875776104796e-05
17.284569138276552 0.7720733210561597 0.8987109822949015 1.544146642112317 1.7974219645897993 2.4811310955757918e-05 2.4811310957339654e-05
17.334669338677354 0.8151239687135182 0.8191584768339093 1.6302479374270336 1.6383169536678164 2.587494996676404e-05 2.5874949968534632e-05
17.384769539078157 0.8540842806287527 0.7354954212977273 1.7081685612575026 1.4709908425954539 2.6925345871484143e-05 2.6925345873173967e-05
17.43486973947896 0.8887588089031468 0.6481417622883308 1.7775176178062906 1.2962835245766624 2.7914049287216212e-05 2.791404928896502e-05
17.48496993987976 0.9189735965215381 0.557535849753796 1.8379471930430733 1.1150716995075944 2.8815661361445468e-05 2.881566136301597e-05
17.53507014028056 0.9445768711600487 0.4641321970640588 1.8891537423200946 0.9282643941281216 2.9812031332233952e-05 2.9812031333761884e-05
17.585170340681362 0.9654403810316118 0.36839970118108 1.930880762063221 0.7367994023621658 3.0672824766901273e-05 3.0672824768281185e-05
17.635270541082164 0.981459231781358 0.2708185727729292 1.9629184635627135 0.5416371455458656 3.1620978744167797e-05 3.1620978745412074e-05
17.685370741482966 0.9925533080687426 0.17187864652978935 1.985106616137483 0.3437572930595871 3.2392992555710417e-05 3.2392992556828934e-05
17.73547094188377 0.9986668589914495 0.07207631824929484 1.9973337179828972 0.14415263649859922 3.3083756649855606e-05 3.308375665074494e-05
17.78557114228457 0.9997691681565728 -0.02808763067951751 1.9995383363131445 -0.05617526135902372 3.374050678062549e-05 3.374050678118072e-05
17.83567134268537 0.9958546703016349 -0.1281106188564065 1.991709340603269 -0.2562212377127995 3.440402784740626e-05 3.44040278477407e-05
17.88577154308617 0.9869430014584016 -0.2274907516278878 1.9738860029168033 -0.4549815032557598 3.508798544590095e-05 3.508798544590095e-05
17.935871743486974 0.9730788765238232 -0.32572933470945864 1.946157753047647 -0.6514586694188994 3.5803534932184394e-05 3.5803534931842124e-05
17.985971943887776 0.9543318458784903 -0.4223333973749326 1.9086636917569824 -0.8446667947498454 3.657959534175243e-05 3.657959534082178e-05
18.03607214428858 0.9307960508083449 -0.5168181717353747 1.8615921016166925 -1.0336363434707279 3.735329332613028e-05 3.735329332469901e-05
18.08617234468938 0.9025895676428137 -0.6087095447870126 1.8051791352856312 -1.2174190895740027 3.8160647667439496e-05 3.8160647665348504e-05
18.13627254509018 0.8698538785022382 -0.697546390662938 1.7397077570044814 -1.3950927813258531 3.907887185594017e-05 3.907887185300472e-05
18.18637274549098 0.8327532823608388 -0.782882946586854 1.665506564721684 -1.5657658931736853 4.009170200958844e-05 4.0091702005722324e-05
18.236472945891784 0.791473986129833 -0.8642910132509982 1.5829479722596733 -1.7285820265019742 4.117586356339394e-05 4.117586355876513e-05
18.286573146292586 0.746223054363688 -0.9413620332097509 1.4924461087273846 -1.88272406641948 4.2453266705345866e-05 4.245326669954373e-05
18.336673346693388 0.6972276630761352 -1.0137093237269852 1.3944553261522799 -2.02741864745395 4.3819815030607154e-05 4.381981502376039e-05
18.386773547094187 0.6447336465495007 -1.0809698483787469 1.289467293099012 -2.161939696757474 4.534628245505989e-05 4.534628244679473e-05
18.43687374749499 0.5890043542557959 -1.1428060244449147 1.1780087085116033 -2.2856120488898135 4.720048335742664e-05 4.720048334762555e-05
18.48697394789579 0.5303195170380366 -1.1989076745093323 1.0606390340760852 -2.3978153490186545 4.934984056465402e-05 4.9349840553349686e-05
18.537074148296593 0.4689735728781029 -1.2489932384453233 0.9379471457562181 -2.4979864768906443 5.2016444715365754e-05 5.201644470222766e-05
18.587174348697395 0.405274318259154 -1.2928113180226575 0.8105486365183203 -2.5856226360453207 5.5554223387070056e-05 5.5554223371867034e-05
18.637274549098198 0.3395414686803392 -1.3301421632729025 0.6790829373606901 -2.6602843265458183 6.027701220982886e-05 6.027701219250011e-05
18.687374749498996 0.2721048204931563 -1.360798358865054 0.5442096409863235 -2.7215967177301286 6.728518599948825e-05 6.728518597949696e-05
18.7374749498998 0.20330278277409214 -1.3846260788263434 0.40660556554819394 -2.769252157652713 7.88828304732123e-05 7.888283044945911e-05
18.7875751503006 0.1334806218484766 -1.4015058404040046 0.2669612436969614 -2.80301168080804 0.00010220873856975313 0.00010220873853898159
18.837675350701403 0.06298867046557755 -1.4113528293900195 0.12597734093116159 -2.822705658780074 0.00017732916585587908 0.00017732916580433288
18.887775551102205 -0.007819301583179929 -1.414117846055887 -0.015638603166355264 -2.828235692111812 0.0010996550228986766 0.0010996550226046221
18.937875751503007 -0.07858800850568787 -1.4097869514697035 -0.1571760170113731 -2.8195739029394473 7.552853592835702e-05 7.552853591157977e-05
18.987975951903806 -0.14896235147778505 -1.3983818212640016 -0.2979247029555695 -2.7967636425280453 2.1744708818116788e-05 2.1744708816067158e-05
19.03807615230461 -0.21858920595110415 -1.3799596502734308 -0.43717841190220985 -2.759919300546903 2.4035497939346547e-06 2.4035497974899904e-06
19.08817635270541 -0.28711918600556413 -1.3546128628826166 -0.5742383720111319 -2.709225725765273 7.63915502425362e-06 7.639155017873501e-06
19.138276553106213 -0.3542084030275911 -1.3224686735657565 -0.7084168060551878 -2.6449373471315503 1.3865743387715077e-05 1.386574337987924e-05
19.188376753507015 -0.4195202031541015 -1.2836884110733218 -0.8390404063082103 -2.5673768221466777 1.815850388053873e-05 1.815850387180573e-05
19.238476953907817 -0.48272684825958667 -1.2384666315193977 -0.9654536965191821 -2.476933263038825 2.1348222573459723e-05 2.134822256437532e-05
19.288577154308616 -0.5435111708696675 -1.1870302387123317 -1.0870223417393452 -2.3740604774246883 2.384387805701632e-05 2.3843878047620186e-05
19.338677354709418 -0.6015681307632327 -1.1296372642831185 -1.2031362615264767 -2.2592745285662565 2.592158465781502e-05 2.5921584648402964e-05
19.38877755511022 -0.6566064431399485 -1.066575860358629 -1.313212886279909 -2.133151720717272 2.7645134987156907e-05 2.764513497802657e-05
19.438877755511022 -0.7083498957792742 -0.9981623886940831 -1.4166997915585609 -1.9963247773881736 2.9157688963208477e-05 2.9157688954431647e-05
19.488977955911825 -0.7565388453819102 -0.9247401996566319 -1.5130776907638332 -1.8494803993132642 3.0511802234572016e-05 3.0511802226060758e-05
19.539078156312627 -0.8009315171611415 -0.8466777817484488 -1.601863034322296 -1.693355563496892 3.170418710910289e-05 3.170418710106339e-05
19.589178356713425 -0.8413050993086487 -0.7643667575711708 -1.6826101986173099 -1.528733515142331 3.2832261588920074e-05 3.283226158153031e-05
19.639278557114228 -0.8774570347869997 -0.6782202142641262 -1.7549140695740113 -1.3564404285282377 3.387445612359137e-05 3.387445611675912e-05
19.68937875751503 -0.9092059325784488 -0.5886704346233269 -1.818411865156909 -1.1773408692466356 3.4831127215629984e-05 3.483112720940264e-05
19.739478957915832 -0.9363924109864257 -0.49616670600270185 -1.8727848219728616 -0.9923334120053828 3.579165059678491e-05 3.5791650591331164e-05
19.789579158316634 -0.9588801219971401 -0.4011732906290007 -1.9177602439942891 -0.8023465812579786 3.668920402336018e-05 3.6689204018729015e-05
19.839679358717436 -0.9765562166735691 -0.3041668454168297 -1.9531124333471457 -0.6083336908336354 3.754352019589769e-05 3.754352019203246e-05
19.889779559118235 -0.9893319222719369 -0.20563410386168146 -1.97866384454388 -0.4112682077233373 3.8440903228050314e-05 3.844090322490829e-05
19.939879759519037 -0.9971432351120075 -0.10606956410233481 -1.99428647022402 -0.21213912820464115 3.928397861341904e-05 3.9283978610969654e-05
19.98997995991984 -0.9999509300828997 -0.005972807392068577 -1.999901860165803 -0.011945614784106096 4.0110673694867485e-05 4.0110673693091114e-05
20.04008016032064 -0.9977410627117965 0.09415385175589844 -1.995482125423595 0.18830770351182952 4.078467937315928e-05 4.0784679372157856e-05
20.090180360721444 -0.9905245834588638 0.19380804602065993 -1.981049166917728 0.3876160920413533 4.1451683397737726e-05 4.1451683397625646e-05
20.140280561122246 -0.9783376739453875 0.29248972664637296 -1.9566753478907735 0.5849794532927788 4.214939070299973e-05 4.214939070379406e-05
20.190380761523045 -0.9612415602143669 0.3897036796813235 -1.9224831204287305 0.7794073593626782 4.2810600174283995e-05 4.281060017601641e-05
20.240480961923847 -0.9393220240829286 0.4849620921150681 -1.8786440481658522 0.9699241842301645 4.344635323700424e-05 4.3446353239722585e-05
20.29058116232465 -0.9126890166374463 0.5777869776359316 -1.8253780332748863 1.1555739552718882 4.410559183346565e-05 4.410559183687151e-05
20.34068136272545 -0.8814761096776295 0.6677125566796894 -1.7629522193552516 1.3354251133594004 4.487858989440689e-05 4.487858989856307e-05
20.390781563126254 -0.8458398888182111 0.7542876145643654 -1.6916797776364143 1.5085752291287482 4.583286490383108e-05 4.5832864908556116e-05
20.440881763527056 -0.8059592482415849 0.8370776919692293 -1.611918496483161 1.6741553839384706 4.6912068553364815e-05 4.691206855887463e-05
20.490981963927855 -0.7620343420794912 0.9156673318106296 -1.524068684158973 1.831334663621266 4.8102044886303185e-05 4.8102044892421955e-05
20.541082164328657 -0.7142855977485708 0.9896621588079688 -1.428571195497132 1.9793243176159383 4.9416738083215994e-05 4.9416738089899206e-05
20.59118236472946 -0.662952594003088 1.0586908313724555 -1.3259051880061667 2.1173816627449056 5.0931762073646115e-05 5.093176208067935e-05
20.64128256513026 -0.6082929278473255 1.1224070243040551 -1.2165858556946418 2.2448140486080996 5.2698484095852586e-05 5.269848410333529e-05
20.691382765531063 -0.5505808531771074 1.18049099196858 -1.1011617063542063 2.360981983937145 5.485969462057512e-05 5.485969462823724e-05
20.741482965931862 -0.4901059551447986 1.2326512556708187 -0.9802119102895895 2.46530251134162 5.76041404590962e-05 5.7604140466910936e-05
20.791583166332664 -0.427171763991979 1.2786261515297777 -0.8543435279839512 2.5572523030595358 6.104974359803612e-05 6.104974360596262e-05
20.841683366733466 -0.362094060794367 1.3181849280640485 -0.7241881215887284 2.6363698561280753 6.566107393203438e-05 6.566107393985247e-05
20.89178356713427 -0.29519939474292345 1.3511290400103761 -0.5903987894858422 2.702258080020729 7.229724690894631e-05 7.229724691684368e-05
20.94188376753507 -0.22682346855386257 1.3772932712059238 -0.45364693710772175 2.7545865424118237 8.27200547408275e-05 8.272005474829124e-05
20.991983967935873 -0.15730936594427383 1.3965462867200111 -0.3146187318885455 2.793092573439998 0.00010218454908799726 0.0001021845490948777
21.04208416833667 -0.08700589098017314 1.4087914144421432 -0.17401178196034534 2.8175828288842624 0.00015292680680531966 0.00015292680681074197
21.092184368737474 -0.016265864523994956 1.4139673831106516 -0.03253172904799008 2.82793476622128 0.0006409016038431709 0.0006409016038380551
21.142284569138276 0.05455575027401194 1.4120481704171777 0.1091115005480226 2.8240963408343336 0.00013694240579053608 0.0001369424057788331
21.19238476953908 0.125103587375115 1.4030433820479316 0.2502071747502277 2.806086764095843 3.558662731598061e-05 3.558662730666213e-05
21.24248496993988 0.19502365272803762 1.3869981606943431 0.39004730545607197 2.773996321388668 7.2017595503691635e-06 7.201759541972281e-06
21.292585170340683 0.26396509738727414 1.3639930191579 0.5279301947745442 2.7279860383157835 6.249344470898977e-06 6.249344478679928e-06
21.34268537074148 0.3315819704926568 1.3341434153321576 0.6631639409853086 2.6682868306643015 1.417609645694358e-05 1.4176096464477061e-05
21.392785571142284 0.39753496892983087 1.2975991415988262 0.7950699378596562 2.5951982831976417 1.9463227887351903e-05 1.9463227894333687e-05
21.442885771543086 0.46149313912171275 1.2545435635864517 0.9229862782434196 2.5090871271728963 2.32912448583318e-05 2.329124486470681e-05
21.492985971943888 0.5231355202892857 1.2051926424142996 1.0462710405785651 2.410385284828595 2.6266523027599003e-05 2.626652303354114e-05
21.54308617234469 0.5821528088209144 1.149794081620903 1.1643056176418227 2.2995881632418054 2.865826469257863e-05 2.8658264697727647e-05
21.593186372745492 0.6382488586611423 1.0886259038165087 1.2764977173222787 2.1772518076330205 3.0648291871727466e-05 3.0648291876423925e-05
21.64328657314629 0.6911421404150682 1.0219949533447865 1.3822842808301306 2.0439899066895793 3.241213142241548e-05 3.241213142659188e-05
21.693386773547093 0.7405673001906766 0.9502357761441542 1.481134600381348 1.9004715522883184 3.392966057222024e-05 3.3929660575818085e-05
21.743486973947896 0.7862763068503743 0.8737083891487046 1.5725526137007437 1.7474167782974221 3.52835535531472e-05 3.5283553556253496e-05
21.793587174348698 0.8280397509343733 0.7927967478271344 1.6560795018687424 1.5855934956542845 3.6565891044962817e-05 3.656589104751022e-05
21.8436873747495 0.8656481457637102 0.7079069686819643 1.731296291527417 1.4158139373639471 3.770587097971004e-05 3.7705870981633766e-05
21.893787575150302 0.8989127194619626 0.6194649398801062 1.7978254389239228 1.2389298797602326 3.879266869082391e-05 3.879266869218244e-05
21.9438877755511 0.9276665514179128 0.5279144693709517 1.8553331028358242 1.0558289387419248 3.98426890791448e-05 3.984268907986285e-05
21.993987975951903 0.9517654102219233 0.4337150062356022 1.9035308204438461 0.8674300124712263 4.08124470216713e-05 4.081244702190459e-05
22.044088176352705 0.9710882959554209 0.3373391763529365 1.9421765919108425 0.6746783527058947 4.1792289177175324e-05 4.179228917683236e-05
22.094188376753507 0.9855382977392131 0.23927064383169766 1.9710765954784277 0.4785412876634162 4.273987935224199e-05 4.273987935145347e-05
22.14428857715431 0.9950429264240506 0.14000151055222437 1.9900858528481036 0.2800030211044683 4.364548184880856e-05 4.3645481847581285e-05
22.194388777555112 0.9995544056818614 0.040029869231833395 1.999108811363726 0.08005973846368448 4.460180738525186e-05 4.460180738358585e-05
22.24448897795591 0.9990503427036334 -0.06014254848253521 1.9981006854072707 -0.12028509696505496 4.537191288138868e-05 4.537191287938847e-05
22.294589178356713 0.9935331263937193 -0.16001315750692197 1.987066252787443 -0.32002631501383094 4.610466087927473e-05 4.610466087703993e-05
22.344689378757515 0.9830303908109286 -0.25908083831987505 1.9660607816218623 -0.51816167663974 4.6858870743635314e-05 4.6858870741037844e-05
22.394789579158317 0.9675948301729669 -0.35684850559034653 1.935189660345939 -0.713697011180686 4.765133564026483e-05 4.765133563751119e-05
22.44488977955912 0.9473039044398095 -0.4528255897575606 1.8946078088796248 -0.9056511795151174 4.848690924151182e-05 4.848690923846481e-05
22.49498997995992 0.9222594389794313 -0.5465303982679468 1.8445188779588686 -1.0930607965358932 4.9370300946347944e-05 4.9370300943097824e-05
22.54509018036072 0.8925870791258996 -0.637492801163458 1.785174158251805 -1.274985602326919 5.034484013703317e-05 5.034484013379938e-05
22.595190380761522 0.8584357124852084 -0.725256336061792 1.7168714249704224 -1.4505126721235901 5.143859646932567e-05 5.1438596466092566e-05
22.645290581162325 0.8199767682006667 -0.8093803647569221 1.6399535364013385 -1.6187607295138537 5.2606288170408526e-05 5.260628816729456e-05
22.695390781563127 0.7774032709463158 -0.8894426538125875 1.5548065418926358 -1.7788853076251874 5.382108109058411e-05 5.382108108787083e-05
22.74549098196393 0.7309288161076432 -0.9650417494494736 1.4618576322152899 -1.9300834988989621 5.515477406775867e-05 5.515477406532853e-05
22.795591182364728 0.6807865741359056 -1.035798461098186 1.361573148271814 -2.0715969221963895 5.670015046333046e-05 5.6700150461210544e-05
22.84569138276553 0.627228153617379 -1.1013576920986596 1.25445630723476 -2.202715384197338 5.853044620761095e-05 5.8530446206018e-05
22.895791583166332 0.5705223062026552 -1.1613903718635317 1.1410446124053113 -2.3227807437270833 6.0751001625454676e-05 6.075100162467633e-05
22.945891783567134 0.5109535599565826 -1.2155951813373564 1.0219071199131655 -2.431190362674733 6.355607214164829e-05 6.355607214143103e-05
22.995991983967937 0.44882085294148094 -1.263700041749383 0.897641705882961 -2.5274000834987853 6.715743896756188e-05 6.715743896855127e-05
23.04609218436874 0.38443600445334103 -1.3054636740529562 0.7688720089066801 -2.610927348105929 7.188205172890693e-05 7.188205173150588e-05
23.096192384769537 0.3181220760003714 -1.3406764506363458 0.63624415200074 -2.6813529012727066 7.853292093635177e-05 7.853292094071384e-05
23.14629258517034 0.25021185645025623 -1.3691617760138217 0.500423712900509 -2.738323552027656 8.861998153167252e-05 8.861998153854947e-05
23.196392785571142 0.18104610846906982 -1.3907767598547764 0.36209221693813565 -2.781553519709563 0.00010620703303373056 0.00010620703304476746
23.246492985971944 0.11097188309255285 -1.405412851153396 0.2219437661851013 -2.8108257023067993 0.0001458154909800649 0.000145815490999821
23.296593186372746 0.04034082229316217 -1.4129966268088214 0.08068164458631967 -2.825993253617647 0.00032311262044185 0.00032311262049962555
23.34669338677355 -0.030492626662591046 -1.413490137425053 -0.0609852533251868 -2.8269802748501065 0.0003210981213614715 0.00032109812143863906
23.396793587174347 -0.10117302444738505 -1.4068909017174283 -0.20234604889477475 -2.8137818034348534 6.373280719064927e-05 6.37328072136951e-05
23.44689378757515 -0.171345733473413 -1.3932319587443345 -0.34269146694683045 -2.7864639174886636 1.7907962261949917e-05 1.7907962274909013e-05
23.49699398797595 -0.24065864553690108 -1.3725818131289158 -0.4813172910738062 -2.745163626257823 1.317563716012276e-06 1.3175637075930716e-06
23.547094188376754 -0.3087639277281927 -1.3450441358706344 -0.617527855456389 -2.6900882717412586 1.2032627747891952e-05 1.2032627742138897e-05
23.597194388777556 -0.37531982982609413 -1.3107570939596125 -0.7506396596521913 -2.6215141879192134 1.8942866102581316e-05 1.8942866098587996e-05
23.647294589178358 -0.4399924177090524 -1.2698926845470107 -0.879984835418107 -2.539785369094008 2.3733332679203384e-05 2.3733332676680167e-05
23.697394789579157 -0.5024571489604954 -1.2226559807969528 -1.0049142979209922 -2.4453119615938914 2.7295891344025653e-05 2.7295891342699938e-05
23.74749498997996 -0.562400553205637 -1.1692840551221428 -1.1248011064112746 -2.3385681102442706 3.011310814656657e-05 3.0113108145974365e-05
23.79759519038076 -0.6195218610605219 -1.1100447074108013 -1.239043722121044 -2.2200894148215875 3.2386140562261996e-05 3.23861405620828e-05
23.847695390781563 -0.6735344310328654 -1.0452352007605479 -1.3470688620657303 -2.0904704015210807 3.4286635354949015e-05 3.428663535527867e-05
23.897795591182366 -0.7241672278906742 -0.9751807436308034 -1.4483344557813473 -1.9503614872615926 3.5918007721370585e-05 3.591800772213711e-05
23.947895791583168 -0.771166180856226 -0.9002328688990758 -1.5423323617124503 -1.8004657377981386 3.7344654051630076e-05 3.734465405278177e-05
23.997995991983966 -0.8142954547415572 -0.8207676660944777 -1.6285909094831121 -1.6415353321889434 3.8610569271306375e-05 3.861056927266973e-05
24.04809619238477 -0.8533386251622797 -0.7371838890536279 -1.7066772503245564 -1.4743677781072455 3.975586434710844e-05 3.975586434879972e-05
24.09819639278557 -0.8880997830893396 -0.6499009572857865 -1.7761995661786756 -1.2998019145715647 4.079814320775254e-05 4.0798143209752635e-05
24.148296593186373 -0.9184044974858636 -0.5593568267184248 -1.8368089949717232 -1.1187136534368436 4.176000483927525e-05 4.1760004841451106e-05
24.198396793587175 -0.9441007567208787 -0.4660056006443389 -1.888201513441753 -0.9320112012886722 4.259886269988099e-05 4.2598862702232806e-05
24.248496993987978 -0.965059507265849 -0.37031606062968203 -1.9301190145316935 -0.7406321212593591 4.344737005305989e-05 4.344737005536063e-05
24.298597194388776 -0.9811754320323276 -0.2727685910095153 -1.9623508640646505 -0.5455371820190251 4.446291372910835e-05 4.446291373148444e-05
24.34869739478958 -0.992367847121184 -0.1738523970934242 -1.9847356942423635 -0.34770479418684186 4.546077383369317e-05 4.546077383593059e-05
24.39879759519038 -0.998580676551328 -0.07406372445273202 -1.9971613531026513 -0.14812744890545795 4.63642053387944e-05 4.6364205341129075e-05
24.448897795591183 -0.9997826038552834 0.026096570607148206 -1.999565207710562 0.05219314121430185 4.732475281455365e-05 4.7324752816996556e-05
24.498997995991985 -0.9959677273842674 0.12612590441201096 -1.9919354547685297 0.2522518088240254 4.8221787543757196e-05 4.822178754632092e-05
24.549098196392787 -0.9871550481922201 0.2255223410335523 -1.974310096384435 0.45104468206710535 4.920735877640928e-05 4.920735877899589e-05
24.599198396793586 -0.9733889783781727 0.32378709821835927 -1.9467779567563401 0.6475741964367164 5.0098323026732974e-05 5.009832302947022e-05
24.649298597194388 -0.9547383881692231 0.4204270897108358 -1.9094767763384413 0.8408541794216662 5.111696191923748e-05 5.111696192179563e-05
24.69939879759519 -0.9312970183374861 0.5149575146840663 -1.8625940366749676 1.0299150293681238 5.211739971237634e-05 5.2117399714879674e-05
24.749498997995993 -0.9031823702287823 0.606903589896272 -1.8063647404575605 1.2138071797925327 5.3248780190351826e-05 5.324878019268725e-05
24.799599198396795 -0.8705357028164562 0.6958044027805209 -1.7410714056329086 1.3916088055610283 5.4328076042643115e-05 5.432807604481106e-05
24.849699398797597 -0.8335207634714558 0.7812137070705739 -1.667041526942908 1.562427414141132 5.5447455277687294e-05 5.544745527981833e-05
24.899799599198396 -0.792323221446104 0.8627029704875704 -1.5846464428922056 1.7254059409751235 5.6713263046906235e-05 5.671326304844749e-05
24.949899799599198 -0.7471497837865038 0.9398633029791043 -1.494299567573006 1.87972660595819 5.8191057834087006e-05 5.819105783512711e-05
25.0 -0.6982270916514303 1.0123075427630315 -1.3964541833028599 2.024615085526044 5.999177377840906e-05 5.999177377888605e-05
