0.0 0.5 0.0 -0.5 0.7
0.0625782227784731 0.49612486962481156 -0.12286792684955067 -0.45271120783265206 0.8103847358745128
0.1251564455569462 0.48476401836571564 -0.23894454536979298 -0.3987128546377448 0.9141697418197445
0.18773466833541927 0.46639735460166665 -0.34649365934019144 -0.3384671176057232 1.0098004063216899
0.2503128911138924 0.44160950462530946 -0.44391016244608805 -0.272529928053891 1.095839889638245
0.31289111389236546 0.4110807706136273 -0.5297443733171192 -0.20154284971545428 1.170990915038917
0.37546933667083854 0.3755766611056681 -0.6027237005449968 -0.12622367950233984 1.2341151687269056
0.4380475594493116 0.3359367134180917 -0.6617709552089404 -0.04735641527975937 1.284249697451704
0.5006257822277848 0.2930606002336221 -0.7060225688617567 0.03422121168674473 1.3206232210597364
0.5632040050062578 0.24789556442566235 -0.7348386983040428 0.11762900943805446 1.3426651796729925
0.6257822277847309 0.20142138674724888 -0.7478147923849638 0.20195781199507087 1.3500160897384
0.688360450563204 0.1546357242746598 -0.7447867490015878 0.2862826312557549 1.3425321599553832
0.7509386733416771 0.10853887954935326 -0.7258336506444247 0.3696763195565941 1.3202877385680767
0.8135168961201502 0.06411862607161666 -0.6912764359769255 0.4512231813160693 1.283574121173503
0.8760951188986232 0.022335198125067193 -0.6416731813137615 0.5300324374210187 1.232895322499971
0.9386733416770964 -0.015893301097085945 -0.5778106115535103 0.6052513148281395 1.1689604714480237
1.0012515644555695 -0.04970485618305433 -0.5006923380952076 0.676077567172528 1.0926732749529267
1.0638297872340425 -0.0783066577324611 -0.41152379108977133 0.741771244325695 1.0051185214179477
1.1264080100125156 -0.10098719234846379 -0.3116941649249481 0.8016655409501011 0.9075459092964249
1.1889862327909888 -0.11712707471750239 -0.2027555126372193 0.855176518353604 0.801351322324223
1.2515644555694618 -0.12620854342017498 -0.08639953972448774 0.9018116294805976 0.6880560443655682
1.3141426783479349 -0.12782341653059115 0.03556778044676482 0.9411768643798276 0.5692840232773716
1.376720901126408 -0.12167939725919806 0.16125328809198586 0.9729824178651805 0.4467376150213966
1.4392991239048811 -0.1076046638484919 0.2887050153042742 0.9970468204426305 0.32217216623197387
1.5018773466833542 -0.08555059976505819 0.4159414832134093 1.0132994035645264 0.19736977370880804
1.5644555694618272 -0.05559274819178785 0.5409813828712084 1.02178117444331 0.07411270006170191
1.6270337922403004 -0.017929858717926454 0.6618733037479619 1.0226439820920261 -0.04584325352230436
1.6896120150187734 0.02711890511225619 0.776725000850113 1.016148036072445 -0.16079496158524426
1.7521902377972465 0.07911856091655506 0.8837317781409715 1.002657810598359 -0.2691173975972949
1.8147684605757197 0.1375246409028219 0.9812035642261494 0.982636391607672 -0.36928788632645654
1.8773466833541927 0.201691168840591 1.0675902767638938 0.9566383516521246 -0.4599088240118717
1.9399249061326658 0.27088015978337937 1.1415050897439185 0.9253012607587415 -0.5397285208088332
2.002503128911139 0.3442725017247629 1.2017452615186008 0.8893359593489041 -0.6076598591420996
2.065081351689612 0.4209800543983561 1.2473102020413083 0.849515740767557 -0.662796480024838
2.127659574468085 0.5000587986282635 1.277416511962031 0.806664592590096 -0.7044262579322792
2.1902377972465583 0.5805227928290375 1.291509828787269 0.7616447146683772 -0.7320419166492
2.252816020025031 0.6613587946117568 1.2892731882003736 0.7153434410791981 -0.7453485247015054
2.3153942428035044 0.7415412922917797 1.2706318258043292 0.6686597945049156 -0.744267803434525
2.3779724655819776 0.820047717022047 1.2357543773515467 0.6224908783528893 -0.7289392101775019
2.4405506883604504 0.8958736048871538 1.1850503498955718 0.5777183131402771 -0.6997176822621293
2.5031289111389237 0.968047495701183 1.1191641251822224 0.5351949081363964 -0.6571682758829266
2.565707133917397 1.0356454317335193 1.0389664594721493 0.4957316908594637 -0.6020585631714319
2.6282853566958697 1.0978046375016588 0.9455388751603822 0.46008566880690643 -0.5353446643291797
2.690863579474343 1.1537362117438312 0.8401601382385567 0.42894847594506136 -0.4581591474891747
2.753441802252816 1.202736955038027 0.7242859445564042 0.4029357921136255 -0.3717928474994945
2.816020025031289 1.244199764460783 0.5995277201577656 0.3825780452632952 -0.277675891424514
2.8785982478097623 1.2776225965471926 0.46762840507752307 0.3683123950218441 -0.1773560229575936
2.9411764705882355 1.3026159446501788 0.3304365138693644 0.3604760460758748 -0.07247538376906612
3.0037546933667083 1.318908546474609 0.1898784446656262 0.3593011457557419 0.03525427344404783
3.0663329161451816 1.3263514069574163 0.047929746448925954 0.3649111895961218 0.14407730470492694
3.1289111389236544 1.3249198865529546 -0.09341412364177813 0.37731915865879123 0.2522203510851801
3.1914893617021276 1.3147140840053484 -0.23216782182404194 0.3964271834921132 0.35791921235892654
3.254067584480601 1.2959572495538707 -0.36638565872611856 0.4220279711658618 0.45944529034364634
3.3166458072590737 1.26899238148837 -0.49419065295804476 0.4538078584509848 0.5551315956298553
3.379224030037547 1.234277067073943 -0.613802393282377 0.4913514364668539 0.6433976874333922
3.44180225281602 1.192376609964078 -0.7235637205572802 0.5341477091585535 0.7227735564381534
3.504380475594493 1.1439554561813303 -0.8219655704650106 0.5815977747086053 0.7919218605880702
3.566958698372966 1.0897673043355844 -0.9076691546624146 0.6330236844784963 0.8496577776418748
3.6295369211514394 1.0306437642735906 -0.9795260600889102 0.6876786012381663 0.8949669932415611
3.6921151439299122 0.9674818050546875 -1.0365950013991148 0.744758040771304 0.9270206919888543
3.7546933667083855 0.9012307128508885 -1.0781570039990864 0.8034115520110595 0.9451891431381626
3.8172715894868587 0.8328774536183557 -1.1037247390795561 0.8627558244763384 0.9490500494964347
3.8798498122653315 0.7634316669679837 -1.1130498011836367 0.9218881255600934 0.9383950539020447
3.942428035043805 0.693911363005834 -1.1061271096907008 0.979899107983174 0.9132336702670358
4.005006257822278 0.6253271051318159 -1.0831942771707184 1.035886971915426 0.8737927075283154
4.067584480600751 0.5586669844071687 -1.0447282347288593 1.0889709179002618 0.8205132373288078
4.130162703379224 0.4948821324855975 -0.9914379307544882 1.1383041167138657 0.7540440455457124
4.192740926157697 0.4348722490053825 -0.9242536454543184 1.1830866656961072 0.6752320533460296
4.25531914893617 0.3794721951763401 -0.8443128247751832 1.2225775896651905 0.5851096214814333
4.317897371714643 0.3294397016230135 -0.752943149558036 1.2561058434010899 0.48487937883977184
4.380475594493117 0.2854438537955829 -0.6516423103256973 1.2830806171884293 0.375896101008997
4.44305381727159 0.24805540938171142 -0.5420558399778967 1.3030000012143685 0.2596468498244391
4.505632040050062 0.2177381147577057 -0.4259521459072254 1.3154587547093104 0.1377286051074785
4.5682102628285355 0.19484187675625664 -0.30519598309120205 1.3201544130691008 0.011824500425127744
4.630788485607009 0.17959763274177581 -0.18172042901651497 1.3168918735576847 -0.11632128263919098
4.693366708385482 0.1721139805571588 -0.057498018011339004 1.3055864044699286 -0.24492937284995295
4.755944931163955 0.17237560527053478 0.06548909183593325 1.2862650446844037 -0.37221193388220136
4.8185231539424285 0.1802436307422573 0.18527874267271477 1.2590662789843934 -0.49639920153341227
4.881101376720901 0.19545778550665976 0.2999582941458512 1.224238088101285 -0.6157659252422841
4.943679599499374 0.21764041085428348 0.4076933165138201 1.1821343485212372 -0.7286570714676015
5.006257822277847 0.24630222008980307 0.5067551442864863 1.1332096635727984 -0.8335125065585419
5.068836045056321 0.2808497227394682 0.5955467705148498 1.0780127030195341 -0.9288901935680419
5.131414267834794 0.32059429070446605 0.6726270824103219 1.0171780717576713 -1.0134879036173914
5.193992490613266 0.3647625162192183 0.736732219835871 0.9514170211915859 -1.086162350686266
5.256570713391739 0.4125079831601429 0.7867946375305352 0.8815068944336018 -1.1459462699876686
5.319148936170213 0.46292401360328916 0.8219592912647197 0.808279697662299 -1.1920629207125566
5.381727158948686 0.5150574163934213 0.8415963627430075 0.7326097736819319 -1.223937489115945
5.444305381727159 0.5679229080023086 0.8453108575799354 0.6554008729500328 -1.2412056913263105
5.506883604505632 0.6205179857653095 0.8329486108083983 0.5775728190188602 -1.2437191589828551
5.569461827284105 0.671838119067508 0.8045986172697288 0.5000478887717396 -1.2315475336881192
5.632040050062578 0.7208919215051199 0.7605917868381165 0.423737209226308 -1.2049773597740283
5.694618272841051 0.7667161737192583 0.7014960415237732 0.34952728759687324 -1.1645077010905986
5.7571964956195245 0.8083903905030481 0.628107893509751 0.27826694900545307 -1.1108426063332553
5.819774718397998 0.8450507910737697 0.5414406213863693 0.21075480821367523 -1.0448805279111195
5.882352941176471 0.8759033962168498 0.4427090683602075 0.14772752280292537 -0.9677007156424491
5.944931163954943 0.9002360938671902 0.3333116611903383 0.08984896969394549 -0.8805471214446313
6.007509386733417 0.9174294884500942 0.2148094457158022 0.03770051039230303 -0.7848096322130305
6.07008760951189 0.9269663568909018 0.08890275380348156 -0.008227496442713839 -0.6820031814522376
6.132665832290363 0.928439584212198 -0.04259410556068166 -0.04754282129228946 -0.5737450913311504
6.195244055068836 0.9215584510514713 -0.1777800133911296 -0.07995701459856634 -0.4617307505066383
6.257822277847309 0.9061531849616012 -0.3146954470337556 -0.10528950316959328 -0.3477081820137277
6.320400500625782 0.8821777080750899 -0.45135172414759317 -0.1234700717809711 -0.23345186080841016
6.382978723404255 0.8497105214577146 -0.5857607563303242 -0.13453967652206308 -0.12073607468262224
6.4455569461827285 0.808953744376466 -0.7159647622739326 -0.1386496061902347 -0.011308321164266694
6.508135168961202 0.7602303043010006 -0.8400655159524119 -0.13605898797341587 0.09313687947144264
6.570713391739675 0.7039792999105773 -0.9562527376188319 -0.1271306573493754 0.19098340385497156
6.633291614518147 0.6407496522394951 -1.0628311412397664 -0.11232549528349833 0.28071774230593083
6.6958698372966206 0.5711921178065967 -1.1582457908973915 -0.09219529883682734 0.3609517015972895
6.758448060075094 0.4960497475264011 -1.2411053385974593 -0.06737426020607064 0.4304432108303775
6.821026282853567 0.41614699470101824 -1.3102028245386959 -0.03856923622890785 0.4881149448137474
6.88360450563204 0.33237759369526654 -1.3645337165420597 -0.006548917230377711 0.5330704754383596
6.9461827284105135 0.24569141244424308 -1.403310920076602 0.027867922891264593 0.5646077105576949
7.008760951188986 0.15708044921869968 -1.4259765548709413 0.06382494274212447 0.5822294376865892
7.071339173967459 0.06756420808569658 -1.4322102818448983 0.10044130575949428 0.5856507788591134
7.133917396745932 -0.021825318113422892 -1.421934071790898 0.13682510390001887 0.5748034594240801
7.196495619524406 -0.11005887598403305 -1.39531337333237 0.17208697036729032 0.5498368527454504
7.259073842302879 -0.19612512914093233 -1.3527546263361627 0.20535364691162658 0.5111157526114053
7.321652065081351 -0.27904556832706356 -1.2948991709768776 0.23578131159144036 0.4592149183038786
7.3842302878598245 -0.3578889281948966 -1.2226136425696221 0.2625684647310619 0.3949104730265616
7.446808510638298 -0.4317848774900381 -1.1369770152032774 0.28496816421415466 0.31916830168364524
7.509386733416771 -0.4999368204660914 -1.039264465356546 0.3022994649061679 0.23312960129961707
7.571964956195244 -0.5616337014133587 -0.9309281968582808 0.3139579653993099 0.13809371066642737
7.6345431789737175 -0.616260235325187 -0.8135758089768744 0.31942494546015276 0.03549874019480044
7.69712140175219 -0.6633059835912297 -0.6889462704518408 0.3182754692598529 -0.07309994178407982
7.759699624530663 -0.7023728678067096 -0.5588836039859774 0.3101850900368851 -0.1860532726713119
7.822277847309136 -0.7331805983310883 -0.4253099231195856 0.29493468760091124 -0.30164263890314014
7.88485607008761 -0.7555709952516038 -0.2901960440899344 0.272414314045416 -0.4181061905247981
7.947434292866083 -0.7695099050839391 -0.155532373321576 0.24262488668530627 -0.5336649086659054
8.010012515644556 -0.7750875955972122 -0.02329899225294471 0.20567851829266356 -0.6465493915080861
8.07259073842303 -0.7725171385278445 0.10456390710011053 0.16179704570697256 -0.755026325900047
8.135168961201503 -0.7621310169056934 0.2261850412510537 0.11130896879659136 -0.8574244703680419
8.197747183979976 -0.7443759240263373 0.33979001895876354 0.054644770273372514 -0.9521597106839148
8.260325406758447 -0.7198058639646362 0.4437278623150806 -0.007669285213708112 -1.0377588054102602
8.32290362953692 -0.6890736461628583 0.5364956795362285 -0.07501878982815033 -1.112881476067528
8.385481852315394 -0.6529209028069258 0.6167611238748794 -0.14671015386193634 -1.1763405145533181
8.448060075093867 -0.6121667796345459 0.6833822932525745 -0.2219807547026003 -1.2271195985178125
8.51063829787234 -0.5676954693843802 0.7354247798467783 -0.3000101219120825 -1.2643885543235704
8.573216520650814 -0.5204427740742877 0.7721756087406433 -0.3799319916735974 -1.2875158339695414
8.635794743429287 -0.47138189809286885 0.7931538616669431 -0.46084704971796153 -1.2960780233330806
8.69837296620776 -0.42150868432416805 0.7981178238229248 -0.5418361726751949 -1.2898662366451363
8.760951188986233 -0.3718265148933237 0.7870685486026208 -0.6219739694086717 -1.2688893030397186
8.823529411764707 -0.3233311490228375 0.7602497849545722 -0.7003423783047134 -1.233373695669734
8.88610763454318 -0.27699550123094535 0.7181442898400574 -0.7760443176238568 -1.1837602235152958
8.948685857321651 -0.23375505001124133 0.6614665389535856 -0.8482167708627746 -1.120697497683864
9.011264080100124 -0.19449347472990425 0.5911518887613647 -0.916043667372402 -1.0450322197050745
9.073842302878598 -0.1600295285624913 0.508342665161649 -0.9787676556828768 -0.9577967174667174
9.136420525657071 -0.13110426629056382 0.4143708177807883 -1.035701558670225 -0.8601934055178518
9.198998748435544 -0.1083701234958906 0.31073806764610284 -1.0862381703482074 -0.7535770005456388
9.261576971214017 -0.09238077252143591 0.1990933088483682 -1.1298593566593775 -0.6394342776397002
9.32415519399249 -0.08358268185410457 0.08120769261709071 -1.1661436304074222 -0.5193617510072283
9.386733416770964 -0.08230842100280651 -0.04105164741031497 -1.194772162640212 -0.395042137718018
9.449311639549437 -0.08877148569033048 -0.16574971089833232 -1.2155334321464148 -0.26821917269535456
9.51188986232791 -0.10306280567416373 -0.2909129130188065 -1.228326367696346 -0.1406713789488992
9.574468085106384 -0.1251494446582489 -0.4145583993992921 -1.2331615267661158 -0.014185808323507063
9.637046307884857 -0.15487484791276268 -0.5347239630941658 -1.2301608878194288 0.10946875702993547
9.699624530663328 -0.19196106770433566 -0.6494975113039064 -1.2195558709561949 0.22856820015164386
9.762202753441802 -0.23601284789937776 -0.7570456942081023 -1.2016836931606223 0.3414587146144052
9.824780976220275 -0.28652337093889546 -0.8556414440113655 -1.1769822343769267 0.44658147413288624
9.887359198998748 -0.34288174944637534 -0.9436899591473054 -1.1459833407371267 0.5424959099864313
9.949937421777221 -0.40438207314217267 -1.0197526291501815 -1.1093047344683087 0.6279011444856258
10.012515644555695 -0.4702338564283475 -1.0825686628217168 -1.067640668947301 0.7016553679150441
10.075093867334168 -0.539573779280307 -1.1310740788121278 -1.0217514250360193 0.7627928536926334
10.137672090112641 -0.6114785627227329 -1.1644177127906015 -0.9724517908225463 0.810538302060001
10.200250312891114 -0.6849785975350452 -1.1819739520942536 -0.9205988662539044 0.8443182533988457
10.262828535669588 -0.759072482503836 -1.1833523578650353 -0.867079052684732 0.8637697144627808
10.32540675844806 -0.8327419232594343 -1.1684034865606832 -0.8127947189078659 0.8687453813124392
10.387984981226532 -0.9049668147763071 -1.1372212353280504 -0.7586507020963298 0.8593157495233269
10.450563204005006 -0.9747405906987321 -1.090141605158961 -0.7055405691872917 0.8357680166752854
10.513141426783479 -1.041085140461491 -1.0277376693765792 -0.6543332646588921 0.7986015868544625
10.575719649561952 -1.1030653817805713 -0.9508111748499141 -0.6058600662838961 0.7485205598968934
10.638297872340425 -1.1598033382528803 -0.8603805832938873 -0.5609019834108452 0.6864230328605064
10.700876095118899 -1.2104910937267253 -0.757665952685736 -0.5201781604267567 0.6133875719239228
10.763454317897372 -1.254402928749173 -0.6440708044490226 -0.48433501201282764 0.5306569851485325
10.826032540675845 -1.2909062115026866 -0.5211610961639879 -0.45393647308107044 0.4396195033308311
10.888610763454318 -1.3194707179803467 -0.3906420460263308 -0.4294556546445179 0.3417880371565734
10.951188986232792 -1.339676703380779 -0.25433251090094816 -0.411267617297996 0.23877724367734696
11.013767209011265 -1.3512209876457164 -0.11413817761718044 -0.39964392233826823 0.1322795300649826
11.076345431789736 -1.353921723037801 0.027977230279596768 -0.3947483624438363 0.02403928026838363
11.13892365456821 -1.3477209490403141 0.1700209974621681 -0.3966346731058767 -0.08417314373210386
11.201501877346683 -1.3326855593282825 0.3100012458409937 -0.40524566536964407 -0.19058810280423052
11.264080100125156 -1.3090062926724644 0.4459566280733878 -0.4204141274521662 -0.29346326022034075
11.32665832290363 -1.2769949055848706 0.5759855863437218 -0.44186535392755116 -0.39110977194964186
11.389236545682103 -1.2370795178048895 0.698274709490652 -0.46922131043470156 -0.4819176695738662
11.451814768460576 -1.18979829134197 0.8111258152889211 -0.5020062900443774 -0.5643801016448343
11.514392991239049 -1.135791366253328 0.9129811808947971 -0.5396541299915819 -0.6371159168136451
11.576971214017522 -1.0757913646349395 1.002446858725888 -0.5815167099508192 -0.6988905325573394
11.639549436795996 -1.0106124700524384 1.0783134013014313 -0.6268737253174695 -0.7486344837499241
11.702127659574469 -0.9411382974654234 1.1395738763685557 -0.6749435429522934 -0.7854595448098264
11.764705882352942 -0.868308712420598 1.1854387155587272 -0.7248949971889362 -0.8086720164202492
11.827284105131413 -0.793105887615211 1.2153475908981002 -0.7758598681943972 -0.8177833508316285
11.889862327909887 -0.7165398794407241 1.228978476491301 -0.8269457896735118 -0.8125182566216296
11.95244055068836 -0.6396329015889193 1.2262503831103153 -0.8772503221630188 -0.7928171378419673
12.015018773466833 -0.5634049282478047 1.2073263108957508 -0.9258738359183029 -0.7588387284916679
12.077596996245306 -0.4888580204663863 1.1726097961568374 -0.9719335359773164 -0.7109569908148015
12.14017521902378 -0.4169616808880349 1.12273927450614 -1.0145765660822954 -0.6497560582590302
12.202753441802253 -0.3486383476453977 1.0585781637153033 -1.052992987181093 -0.5760213456849675
12.265331664580726 -0.28474971257135395 0.9812019920641016 -1.0864280173258012 -0.49072801399215193
12.3279098873592 -0.22608397369427302 0.8918821039902811 -1.1141934343477726 -0.39502636994163776
12.390488110137673 -0.17334408190557413 0.7920665846123113 -1.1356780877124892 -0.29022477567417754
12.453066332916146 -0.127137405284513 0.6833584345839345 -1.1503571403502966 -0.17777009611753142
12.515644555694617 -0.08796680688420189 0.5674916624437143 -1.1578000442324803 -0.05922628171834078
12.57822277847309 -0.056223221804198364 0.44630516951133037 -1.1576771728342146 0.0637490253929647
12.640801001251564 -0.032179901155588816 0.32171504274576795 -1.1497649604151325 0.18942931070046184
12.703379224030037 -0.015988556152277743 0.19568596442720984 -1.1339493392838575 0.31604479727878165
12.76595744680851 -0.007677187016769882 0.07020164562758398 -1.1102276678451546 0.44180892976642283
12.828535669586984 -0.00714983119868618 -0.05276495293827578 -1.0787089394659004 0.5649450485395764
12.891113892365457 -0.014188182513093096 -0.17128119958686722 -1.0396123155046955 0.6837128841654492
12.95369211514393 -0.028455004280684464 -0.2834837475081234 -0.9932640513971872 0.7964344939174188
13.016270337922403 -0.04949936410339677 -0.38760654025699187 -0.9400927910566872 0.901519347059847
13.078848560700877 -0.07676356022310452 -0.4820073852749579 -0.8806233460770325 0.9974881276210679
13.14142678347935 -0.10959162547451837 -0.565192346329528 -0.8154690618158154 1.0829945838216002
13.204005006257823 -0.14723934712574227 -0.6358384326128241 -0.7453228256283174 1.1568458519811795
13.266583229036295 -0.1888855940601819 -0.6928133283603028 -0.670946904019556 1.2180201300309172
13.329161451814768 -0.2336447975653944 -0.7351924176567273 -0.5931617463947494 1.2656819286899113
13.391739674593241 -0.28058039029119075 -0.762272707412844 -0.5128339304364495 1.299194544778601
13.454317897371714 -0.32871903670681335 -0.7735833603733875 -0.43086339836061865 1.31812949863427
13.516896120150188 -0.37706539470598166 -0.7688928068381282 -0.34817021722258606 1.322272907590202
13.57947434292866 -0.42461721867299834 -0.7482122589131508 -0.26568103313942826 1.31162863774055
13.642052565707134 -0.4703805631523098 -0.711795535698145 -0.18431543512631576 1.2864181519640496
13.704630788485607 -0.513384873711097 -0.6601354729308806 -0.10497241968835466 1.247077299155538
13.76720901126408 -0.5526977353282665 -0.5939565295541289 -0.028517161809766177 1.1942496975998653
13.829787234042554 -0.587439040814843 -0.5142035923121798 0.044231694976326924 1.1287767134705917
13.892365456821027 -0.6167943470339662 -0.42202838249581975 0.11251402136177999 1.0516852918991575
13.954943679599499 -0.6400273231876554 -0.31877205774773903 0.17563937227403242 0.9641723804790041
14.017521902377972 -0.656490965066362 -0.20594517214745878 0.23299705201544782 0.8675869868948708
14.080100125156445 -0.6656375169256801 -0.08520508300557537 0.28406502227852165 0.7634099498670971
14.142678347934918 -0.6670268941148113 0.04166885770761131 0.3284174677777471 0.6532317260016012
14.205256570713392 -0.6603334850834163 0.17280188325096316 0.3657309107905038 0.5387285901834505
14.267834793491865 -0.6453512554277449 0.30625186140125044 0.39578880533327643 0.4216375198731157
14.330413016270338 -0.6219970565985592 0.4400383461487509 0.4184845237581249 0.30373018148760145
14.392991239048811 -0.590312100881227 0.5721722143809336 0.43382270137311546 0.18678639265524502
14.455569461827285 -0.5504615712528012 0.7006853401840797 0.44191891095207825 0.07256755050225484
14.518147684605758 -0.5027323841207247 0.8236603699678755 0.4429976832587994 -0.03721003062763821
14.580725907384231 -0.4475291044929143 0.9392590828555298 0.4373888731217812 -0.14090051487144759
14.643304130162702 -0.38536813401933057 1.0457498674975116 0.42552247893379735 -0.23695314960272254
14.705882352941176 -0.31687021390224895 1.1415338710524419 0.4079219531607127 -0.32393568142274703
14.768460575719649 -0.24275135788021093 1.22516883828148 0.3851961069858867 -0.400555703978244
14.831038798498122 -0.16381236442117525 1.2953907053424887 0.35802974263543913 -0.46567999544027133
14.893617021276595 -0.08092706663818092 1.3511325226413948 0.32717315530793567 -0.5183514644894562
14.956195244055069 0.004970548822586726 1.3915404823899875 0.2934306222267676 -0.5578035039053815
15.018773466833542 0.09290005516392313 1.4159866423607805 0.2576481463183025 -0.5834713859467294
15.081351689612015 0.18184908341097913 1.424078420901556 0.220700497209721 -0.5950007667387203
15.143929912390488 0.2707881808794238 1.415664360284462 0.18347792927796847 -0.5922528493062807
15.206508135168962 0.3586860573672715 1.390836583797159 0.14687255237716668 -0.5753065861961647
15.269086357947435 0.44452477293676274 1.3499293068816027 0.11176475470358235 -0.5444573488522491
15.331664580725908 0.5273147632790337 1.2935139576715873 0.07900977093509626 -0.500212561047764
15.39424280350438 0.6061094305224601 1.2223906018437771 0.04942463931480244 -0.44328402317495436
15.456821026282853 0.6800190954612884 1.137576004929151 0.023775730365179843 -0.3745772257160862
15.519399249061326 0.7482240990572596 1.040288480433839 0.0027670371877468597 -0.2951777847366206
15.5819774718398 0.8099868584355734 0.9319296274476712 -0.012970598247393435 -0.2063350922404275
15.644555694618273 0.8646626927178134 0.8140634551454072 -0.022889157482288928 -0.10944362679943567
15.707133917396746 0.9117092777515089 0.6883929926428067 -0.02653189042738405 -0.006022012626292775
15.76971214017522 0.9506945535467801 0.5567348478175743 -0.023540374937098412 0.10230975775990829
15.832290362953692 0.9813029886195597 0.42099205293061126 -0.013660105331708717 0.21385463475344785
15.894868585732166 1.0033401048233033 0.28312563538795293 0.0032554764588332685 0.3268639642458108
15.957446808510639 1.0167351941233815 0.14512531617745078 0.02724256849546859 0.43956372111608066
16.020025031289112 1.0215421846084167 0.008979783345620988 0.05822625340169236 0.5501811230251167
16.082603254067585 1.0179386451216148 -0.12335301712571532 0.0960214093989657 0.6569712283933806
16.14518147684606 1.0062229429357818 -0.24997512841390093 0.14033527487510927 0.7582431204102601
16.207759699624532 0.9868095964852021 -0.36907693194991564 0.1907716288494109 0.8523852866758763
16.270337922403005 0.9602228928858438 -0.4789641678419458 0.24683652487697144 0.937889808822818
16.33291614518148 0.9270888710336607 -0.5780832315810546 0.3079454881247572 1.0133750083665445
16.39549436795995 0.8881257810309466 -0.6650443631902033 0.3734320764296084 1.0776062050684154
16.45807259073842 0.8441331352218485 -0.7386422876332086 0.4425577020796189 1.1295141927401202
16.520650813516895 0.7959796738351113 -0.7978743951979854 0.5145224251324032 1.1682115119644167
16.583229036295368 0.7445902344017967 -0.8419557293065398 0.5884767278799719 1.1930058637223067
16.64580725907384 0.6909314009307729 -0.8703301356237879 0.6635343814206076 1.2034100852965988
16.708385481852314 0.6359973568627573 -0.8826790180667732 0.738785129466228 1.19914998312438
16.770963704630788 0.5807946058112708 -0.878925804126262 0.8133083853572179 1.1801683231620468
16.83354192740926 0.5263267975098997 -0.8592371413329284 0.8861868344223205 1.1466258939195546
16.896120150187734 0.47357967667230155 -0.8240202482267882 0.9565199256915047 1.0988991257461005
16.958698372966207 0.42350611405585625 -0.7739167513771981 1.0234372894888235 1.0375745632918987
17.02127659574468 0.3770116926610736 -0.7097929735483419 1.086111657356353 0.9634401598859563
17.083854818523154 0.3349411123830326 -0.6327268817102114 1.1437710485074446 0.8774735807271111
17.146433041301627 0.29806541150568483 -0.5439918972416256 1.19571022424679 0.7808276960892272
17.2090112640801 0.26707033028730215 -0.4450377407160311 1.2413011190935026 0.6748134189208514
17.271589486858574 0.24254589880429556 -0.33746860172529236 1.280002175022553 0.5608801469414402
17.334167709637047 0.22497757637426596 -0.22301908308097274 1.311366285699119 0.44059421162169243
17.39674593241552 0.21473886052422103 -0.10352813225912315 1.3350474241695518 0.3156155246647845
17.459324155193993 0.21208561946324042 0.019088586922644937 1.3508057265795985 0.18767282764268317
17.521902377972467 0.2171521849595188 0.14286751430557154 1.3585109988729671 0.05853787441039734
17.58448060075094 0.2299492996632465 0.2658265076381194 1.358144562248269 -0.0700008291556055
17.647058823529413 0.2503638468461615 0.385994808129332 1.3497995018788103 -0.19616486873944763
17.709637046307886 0.27816051939235037 0.5014425124327971 1.333679178436037 -0.31821232325559207
17.77221526908636 0.312985272182672 0.6103096081135144 1.310094141988897 -0.43446377569763517
17.834793491864833 0.35437058501428126 0.7108338913677814 1.279457423965655 -0.5433273231260954
17.897371714643302 0.4017424159251199 0.8013774504115375 1.2422783147505103 -0.6433223022939143
17.959949937421776 0.45442876446078395 0.8804512823467796 1.199154698964126 -0.7331013438839022
18.02252816020025 0.5116696968929042 0.946737663532191 1.1507640809481976 -0.811470415090873
18.085106382978722 0.5726287023231477 0.9991099901783823 1.0978534178201216 -0.8774065968705589
18.147684605757195 0.6364052155277589 1.036649661546111 1.041227907068198 -0.930073212920074
18.21026282853567 0.7020480458619865 1.0586600662097998 0.9817389621799834 -0.9688323645245599
18.272841051314142 0.768569549524938 1.064677290027592 0.9202715219621651 -0.9932545297633384
18.335419274092615 0.8349607131982143 1.0544765547191854 0.8577305429089813 -1.0031243395663392
18.39799749687109 0.9002058972766372 1.028076206863166 0.7950277960272122 -0.9984441601955364
18.46057571964956 0.9632982991694664 0.9857372510913556 0.733068017987899 -0.9794336856417839
18.523153942428035 1.0232549555259949 0.9279597804535779 0.6727354746575374 -0.9465267514672632
18.585732165206508 1.0791314247711323 0.8554754579953117 0.6148808101322292 -0.9003646125558347
18.64831038798498 1.1300360649982042 0.7692367076869793 0.5603082575439124 -0.8417862741182787
18.710888610763455 1.1751434008104722 0.6704024848048298 0.5097636650361073 -0.7718157596124136
18.773466833541928 1.21370644939495 0.5603211206288812 0.4639234530878781 -0.6916467587172199
18.8360450563204 1.2450680998221313 0.440510094869132 0.4233844190146551 -0.6026245240929957
18.898623279098874 1.268670790101524 0.3126336503248331 0.3886550651678448 -0.506225835821135
18.961201501877348 1.2840651437183361 0.17847775621459727 0.36014785826303103 -0.4040365915712334
19.02377972465582 1.290916629509221 0.03992358688313396 0.3381732581514018 -0.29772806721845185
19.086357947434294 1.2890106951626719 -0.10108057554653341 0.3229351128098313 -0.18903176605068778
19.148936170212767 1.2782560582244105 -0.24254840971783748 0.3145277026375293 -0.07971339818749495
19.21151439299124 1.2586861452961269 -0.38248519228791866 0.3129344424036009 0.02845364936937826
19.274092615769714 1.23045870386309 -0.5189175664562493 0.3180282189708986 0.1337149603581854
19.336670838548184 1.1938535267599415 -0.6499229832624354 0.32957341852391864 0.23436144397119218
19.399249061326657 1.1492683787142588 -0.773658387729714 0.3472295632170636 0.3287550134700337
19.46182728410513 1.0972131514656638 -0.8883877233048589 0.3705565335231195 0.4153532067428661
19.524405506883603 1.0383023472692285 -0.992507839566418 0.3990212869138026 0.49273237716060847
19.586983729662077 0.9732460034777047 -1.0845723910888505 0.43200597196613455 0.5596090857008038
19.64956195244055 0.9028391915364044 -1.1633134129627067 0.468817318505567 0.6148594127165101
19.712140175219023 0.8279502475813355 -1.227660212166898 0.5086971630350795 0.6575358662643659
19.774718397997496 0.7495079145137747 -1.276755315286991 0.550833948387559 0.6868816546154047
19.83729662077597 0.6684875995492539 -1.3099672084817149 0.5943750149366531 0.7023420864608612
19.899874843554443 0.5858969275065132 -1.3268997197090102 0.6384395219513586 0.7035729645062445
19.962453066332916 0.5027606703468109 -1.3273980162301973 0.6821319270032681 0.6904459482944729
20.02503128911139 0.4201057890918989 -1.311550562451542 0.7245553642775266 0.6630502997931146
20.087609511889863 0.3389460922794947 -1.2796879579769342 0.7648253657760747 0.6216918354567735
20.150187734668336 0.2602671622423093 -1.2323778303261046 0.8020833422350311 0.5668883455257214
20.21276595744681 0.1850120208885325 -1.170416278557892 0.8355094014035456 0.4993619249420369
20.275344180225282 0.11406685148589218 -1.09481585834292 0.8643351157082252 0.42002820740055646
20.337922403003756 0.0482482216661238 -1.0067904408390946 0.8878549452209581 0.3299828001851839
20.40050062578223 -0.011709242604755157 -0.9077368588960781 0.9054372563560549 0.2304848423295097
20.463078848560702 -0.06516326641748632 -0.7992141657125731 0.9165336239042445 0.12293842501951574
20.525657071339175 -0.11157382187020758 -0.6829200119552528 0.9206876728599304 0.008871431845797167
20.58823529411765 -0.1505107006025162 -0.5606652992493923 0.9175418393621617 -0.11008716416319296
20.65081351689612 -0.1816598746214389 -0.4343469923090371 0.9068430462003069 -0.2322316521808088
20.713391739674595 -0.20482799896330528 -0.3059196769070353 0.8884467140438477 -0.35580505805082413
20.775969962453065 -0.21994505614261187 -0.1773662374122183 0.8623191083635047 -0.47902540691735446
20.838548185231538 -0.22706524367036882 -0.050668176471329845 0.8285381127537785 -0.6001123060561249
20.90112640801001 -0.22636593184495207 0.07222411763618299 0.7872922739358417 -0.7173135743084984
20.963704630788484 -0.21814480513087303 0.18942060321986273 0.7388782199301243 -0.8289314231376157
21.026282853566958 -0.20281519651556018 0.299119912757252 0.6836964598230196 -0.9333478273333238
21.08886107634543 -0.18089967771751084 0.3996363495965521 0.6222456214464924 -1.0290487036790699
21.151439299123904 -0.15302203223945915 0.4894251271445942 0.5551152407075773 -1.1146465155319127
21.214017521902377 -0.11989770430106593 0.5671055235166187 0.48297718589411043 -1.1889010104701994
21.27659574468085 -0.0823228064304651 0.6314817648184912 0.40657579109273256 -1.250737923705707
21.339173967459324 -0.0411620866751454 0.6815605512271573 0.32671705782271576 -1.2992646749098702
21.401752190237797 0.0026643133186503246 0.716566277827149 0.24425677373357968 -1.3337840004685542
21.46433041301627 0.04819482311716553 0.7359525015048739 0.16008798385258785 -1.3538042238748276
21.526908635794744 0.09444108246395783 0.7394102558629121 0.07512785801361253 -1.359046703308467
21.589486858573217 0.14040295287814006 0.7268725767785584 -0.00969577549107135 -1.3494498856400692
21.65206508135169 0.18508371766082274 0.6985156536221027 -0.09345806506370188 -1.3251703384999467
21.714643304130163 0.22750522968069445 0.6547560650641486 -0.1752507242524979 -1.2865802758907323
21.777221526908637 0.2667227849920051 0.5962445379104526 -0.2541953747400548 -1.2342619699567874
21.83979974968711 0.3018394741106165 0.5238563696538413 -0.32945642161379673 -1.1689991748949151
21.902377972465583 0.3320198590986817 0.4386781999787013 -0.40025332492274185 -1.0917652811401892
21.964956195244056 0.35650269835631115 0.34199170372371557 -0.46587201846847404 -1.0037087124945168
22.02753441802253 0.374612564278299 0.23525455076982973 -0.5256753371546061 -0.9061358755567877
22.090112640801003 0.3857701638596112 0.12007844298247519 -0.579112282809893 -0.8004914914268371
22.152690863579473 0.3895013003503061 -0.0017948915603841625 -0.625726073042108 -0.688337097932109
22.215269086357946 0.38544419278029507 -0.1285198485765 -0.6651607195177012 -0.5713276314345721
22.27784730913642 0.37335501618749567 -0.258174683036618 -0.6971660128156303 -0.4511865886057957
22.340425531914892 0.3531118710121668 -0.38879015483651685 -0.7216011005285042 -0.3296803728805116
22.403003754693366 0.3247168006079532 -0.5183790907015537 -0.738436317355311 -0.2085918201354222
22.46558197747184 0.288295990553232 -0.6449661242770078 -0.7477533868860118 -0.0896935645396123
22.528160200250312 0.24409810122165806 -0.7666173082798954 -0.7497439515934275 0.025278481304491243
22.590738423028785 0.19249077304735918 -0.8814690932910381 -0.7447064663277997 0.1346510793313095
22.65331664580726 0.133955298999086 -0.9877562259486414 -0.7330414503796175 0.2368386516044585
22.715894868585732 0.06907968658542939 -1.083838230834555 -0.7152452971936336 0.33036699788907914
22.778473091364205 -0.0014499505196853522 -1.1682239924719067 -0.6919025880517545 0.4138953121865207
22.84105131414268 -0.07685944879107923 -1.239594118969414 -0.6636771089088057 0.4862362130364961
22.90362953692115 -0.15629798720389743 -1.2968206947835204 -0.6313016705642337 0.5463734360887679
22.966207759699625 -0.23885057433978468 -1.3389843116302163 -0.5955669482357353 0.5934770895552068
23.028785982478098 -0.32355158095154546 -1.3653878150507515 -0.5573093846313648 0.6269159688642055
23.09136420525657 -0.40939902212343326 -1.3755666893228269 -0.5173984214583024 0.6462668612698013
23.153942428035045 -0.49536929542169594 -1.369296183435884 -0.4767233222968182 0.6513209323717917
23.216520650813518 -0.580432334991253 -1.3465947231133852 -0.4361796226450753 0.6420867871213132
23.27909887359199 -0.6635668325987012 -1.3077236655672086 -0.3966555196519648 0.6187902560543512
23.341677096370464 -0.7437753529920312 -1.2531834345721045 -0.35901835612128186 0.5818709404007385
23.404255319148938 -0.8200990654454626 -1.1837061054180555 -0.32410144782565997 0.5319755783585246
23.46683354192741 -0.8916319283564936 -1.1002445063406476 -0.29269140020033846 0.4699482921672904
23.529411764705884 -0.9575340759966059 -1.0039580196830324 -0.26551613907686344 0.3968178800750449
23.591989987484354 -1.0170442095619985 -0.8961952927528999 -0.2432338326169428 0.31378234121175835
23.654568210262827 -1.0694908375433594 -0.7784741176958861 -0.2264228432176938 0.22219086558219364
23.7171464330413 -1.1143021470883383 -0.6524587953955533 -0.21557290487905514 0.12352357125707611
23.779724655819773 -1.151014418954408 -0.5199352906296616 -0.21107760429144104 0.019369263876499482
23.842302878598247 -1.1792788139175991 -0.3827845705901055 -0.21322831977199774 -0.08859843041645038
23.90488110137672 -1.1988664442414687 -0.24295452033029497 -0.22220969540401658 -0.19864620618872003
23.967459324155193 -1.2096716541630965 -0.10243087292924019 -0.23809671846277597 -0.3090071020514197
24.030037546933666 -1.21171346190253 0.03679242295316183 -0.26085344264656757 -0.41790702762428944
24.09261576971214 -1.205135145280948 0.17274298245277053 -0.290333373145128 -0.5235914219058062
24.155193992490613 -1.1902019670878732 0.30349942414694475 -0.32628151699020297 -0.6243516072588352
24.217772215269086 -1.167297085780437 0.42721999780673775 -0.368338057859101 -0.7185504162063341
24.28035043804756 -1.1369156899970958 0.5421701972855256 -0.41604362086657387 -0.8046469092846009
24.342928660826033 -1.0996574819037757 0.6467486672809227 -0.4688460153780507 -0.8812195649526803
24.405506883604506 -1.0562175691670117 0.739510633239777 -0.5261084022819756 -0.9469872513954207
24.46808510638298 -1.0073760178848143 0.819190045337727 -0.5871186597921982 -1.0008290466624823
24.530663329161452 -0.9539860254032977 0.884717960653017 -0.6510999845013005 -1.0418006900755838
24.593241551939926 -0.8969610908614878 0.9352388090166815 -0.7172223893715726 -1.069149138383981
24.6558197747184 -0.8372612266956796 0.9701228370351385 -0.7846150599089066 -1.0823236994487628
24.718397997496872 -0.775878552004448 0.9889756725733538 -0.8523792632684964 -1.0809845872501789
24.780976220275345 -0.7138223397607213 0.9916439993329138 -0.9196017458090135 -1.0650079934701684
24.84355444305382 -0.6521038257503138 0.9782176777588341 -0.9853683433952466 -1.0344879767448836
24.906132665832292 -0.5917210651133611 0.9490285120666422 -1.0487775484478654 -0.9897353485053793
24.968710888610765 -0.5336439010609011 0.9046450135165631 -1.1089539759086668 -0.9312729734646118
25.031289111389235 -0.47879939525007453 0.8458638653494464 -1.1650614151657173 -0.8598281164436877
25.093867334167708 -0.4280579208059833 0.773697897634448 -1.216315287950786 -0.7763216638361042
25.15644555694618 -0.3822201173270395 0.689360803165613 -1.2619943337045767 -0.6818544266965589
25.219023779724655 -0.3420048339941179 0.5942489345494938 -1.3014514094698884 -0.577690830052548
25.281602002503128 -0.30803837420183855 0.48992018667974147 -1.334123123647272 -0.4652399922035273
25.3441802252816 -0.2808450999198877 0.3780707212947656 -1.3595382514915428 -0.3460348716221101
25.406758448060074 -0.2608395640318578 0.2605093860988923 -1.3773247816813652 -0.22170934936375541
25.469336670838548 -0.24832031132010768 0.1391305357624598 -1.3872154679973667 -0.09397388037992127
25.53191489361702 -0.2434653823023631 0.01588564277671863 -1.3890518554785436 0.03540993883293051
25.594493116395494 -0.246329715839881 -0.10724607863545813 -1.3827866056113844 0.1646556863687317
25.657071339173967 -0.25684424845501075 -0.22828733349918712 -1.3684843014996662 0.2919786861484298
25.71964956195244 -0.2748170672538405 -0.3452925202768864 -1.346320413417039 0.4156226805135744
25.782227784730914 -0.2999362171676103 -0.4563768656621834 -1.3165787823038877 0.533885930226104
25.844806007509387 -0.33177448087640193 -0.5597447994505016 -1.2796473361149376 0.6451466339363506
25.90738423028786 -0.36979575075388454 -0.6537168968672571 -1.2360123799008123 0.7478870647944831
25.969962453066334 -0.41336312297522704 -0.7367551375058315 -1.1862513430829105 0.8407161995685157
26.032540675844807 -0.4617485025610106 -0.807485982433867 -1.1310241730759563 0.9223903939167472
26.09511889862328 -0.5141434978917311 -0.8647210955333118 -1.0710635735814995 0.9918319480523141
26.157697121401753 -0.5696716598158731 -0.9074751394626156 -1.0071640381912794 1.0481450527160914
26.220275344180227 -0.6274015870603262 -0.9349807279775081 -0.9401701076114337 1.0906291886443664
26.2828535669587 -0.6863610422077463 -0.9466998419236164 -0.8709637213193805 1.1187893592359224
26.345431789737173 -0.7455514444352191 -0.9423322198506932 -0.8004512312289817 1.1323436139576222
26.408010012515646 -0.8039630435622114 -0.9218197125626043 -0.7295498046416913 1.1312269574308504
26.470588235294116 -0.8605900383923941 -0.8853473786862668 -0.6591738764850331 1.115592340055489
26.53316645807259 -0.9144457688570795 -0.8333407494736821 -0.5902215348651098 1.0858082181404296
26.595744680851062 -0.9645775679252522 -0.7664595669112992 -0.523561210705496 1.0424529558267308
26.658322903629536 -1.010081139149627 -0.6855879909344704 -0.4600187915899174 0.9863060650332641
26.72090112640801 -1.0501141898518382 -0.5918214655622837 -0.40036540159502354 0.9183364533935617
26.783479349186482 -1.0839091989077385 -0.48645037588650525 -0.34530595550750687 0.8396877983231756
26.846057571964955 -1.110784980744391 -0.3709408464127954 -0.29546879046046043 0.751661361070752
26.90863579474343 -1.1301570364142899 -0.24691287010829693 -0.25139638317218593 0.6556964103142945
26.971214017521902 -1.1415464338805223 -0.11611613867908208 -0.2135373837152411 0.5533485870896147
27.033792240300375 -1.1445871144819753 0.019596069948380677 -0.18224005808742366 0.44626652981338055
27.09637046307885 -1.1390315203751054 0.15829455763013447 -0.15774723380307876 0.33616710801557403
27.15894868585732 -1.124754441988318 0.29800299021176563 -0.14019283892784598 0.22480965455982097
27.221526908635795 -1.1017550528770217 0.43672741211302907 -0.12960006377050387 0.11396954363749481
27.284105131414268 -1.0701570797266073 0.5724860050287058 -0.1258811920364848 0.0054115499665579325
27.34668335419274 -1.0302071179823389 0.7033388385830961 -0.12883909206632987 -0.09913678500129719
27.409261576971215 -0.9822710878494995 0.8274164708164468 -0.13817037289797196 -0.19801075713209376
27.471839799749688 -0.9268289626659548 0.9429482707516902 -0.15347008692452402 -0.2896338549889678
27.53441802252816 -0.8644677294103641 1.048288597628624 -0.17423801523264243 -0.37254119612390085
27.596996245306634 -0.7958728035168071 1.141941490855102 -0.1998863366559408 -0.44540162996047994
27.659574468085108 -0.7218179397742648 1.2225829504330255 -0.22974864316043767 -0.5070376832214507
27.72215269086358 -0.6431538467140667 1.289080718746054 -0.26309011584562014 -0.5564432681037262
27.784730913642054 -0.560795678217385 1.3405111109217442 -0.29911870600610996 -0.5927987477449207
27.847309136420527 -0.47570940363529274 1.3761729820519522 -0.336997320094849 -0.6154834380371254
27.909887359198997 -0.38889773705563874 1.395597889418077 -0.3758563991475207 -0.6240847023926221
27.97246558197747 -0.3013851033369981 1.3985573363423651 -0.4148073604055053 -0.61840443339994
28.035043804755944 -0.21420273011904112 1.3850658937023135 -0.4529559258548111 -0.5984618432682856
28.097622027534417 -0.12837329632731265 1.3553811149096602 -0.48941584759502704 -0.5644933831285428
28.16020025031289 -0.04489578803552187 1.309999543734804 -0.5233224472532378 -0.5169491638140691
28.222778473091363 0.03526904628879585 1.2496492875083056 -0.5538456184177705 -0.4564863012676597
28.285356695869837 0.11121320498635998 1.1752790353943519 -0.5802027969524135 -0.3839590788358097
28.34793491864831 0.18209430221314865 1.0880438982768261 -0.6016704623805336 -0.30040626365797957
28.410513141426783 0.24714844841953726 0.9892880587256107 -0.6175956492577465 -0.20703556679919316
28.473091364205256 0.3057012088591019 0.8805246022184419 -0.6274057373197189 -0.10520557953536043
28.53566958698373 0.3571775361184417 0.7634128611245075 -0.6306173226849292 0.0035945173662692564
28.598247809762203 0.4011101722247307 0.6397335595608353 -0.6268437184355281 0.11776721336620932
28.660826032540676 0.43714638053425603 0.511362111186605 -0.6158009594103664 0.23563058160166253
28.72340425531915 0.46505303412854027 0.38024056246292876 -0.5973123351551386 0.3554434050166078
28.785982478097623 0.4847198517935468 0.24834850865979155 -0.5713112639626332 0.47543122209637695
28.848560700876096 0.49616083784688136 0.11767345012474259 -0.537842558401748 0.5938128735559923
28.91113892365457 0.4995138543061506 -0.009819059651195734 -0.4970620183187408 0.7088272351881673
28.973717146433042 0.49503828778741715 -0.1322147437660491 -0.44923431765917593 0.818759482806162
29.036295369211516 0.4831109621030102 -0.2476792156597773 -0.3947293203071751 0.9219667157574032
29.09887359198999 0.4642202674705848 -0.35448549944430646 -0.3340167989110153 1.0169026010178295
29.161451814768462 0.43895865104465814 -0.45103990708590314 -0.2676596863062882 1.1021405455989015
29.224030037546935 0.40801350506786116 -0.535905857800775 -0.1963058920551605 1.176395025956083
29.286608260325405 0.3721566320111907 -0.6078254059833285 -0.12067884473703128 1.2385408651513474
29.34918648310388 0.33223245171301474 -0.6657380221618072 -0.04156690777839668 1.2876300498733129
29.41176470588235 0.28914516962259956 -0.7087965362973689 0.040188134962327336 1.3229060061191136
29.474342928660825 0.24384494630644765 -0.7363795958644491 0.12370348786622185 1.3438147536226581
29.536921151439298 0.19731353451188366 -0.7481011380524045 0.20806822892313176 1.350013386249321
29.59949937421777 0.15054931904482466 -0.7438160969021175 0.29235672974283317 1.3413751805383174
29.662077596996244 0.1045521643947155 -0.7236225599660165 0.375642247586416 1.317991524597945
29.724655819774718 0.06030821556324932 -0.6878602615418243 0.4570105591475806 1.280170566196447
29.78723404255319 0.018774923465656877 -0.6371054722401195 0.5355733930599607 1.2284326335679876
29.849812265331664 -0.019133511760714785 -0.572162376427923 0.6104814879889 1.1635025109122712
29.912390488110137 -0.052560036753014655 -0.49405094950590084 0.6809370588724063 1.0862985792883897
29.97496871088861 -0.08071778835098545 -0.40399168234984545 0.74620549948402 0.9979191339463213
30.037546933667084 -0.1029020835206865 -0.30338726972993346 0.8056261413612782 0.8996259826938254
30.100125156445557 -0.11850117658070927 -0.19380157550285512 0.8586219086213682 0.792825605406923
30.16270337922403 -0.12700562281835762 -0.07693618126741096 0.9047077245534048 0.6790481493217451
30.225281602002504 -0.12801610808520122 0.045395128299887184 0.9434975442364265 0.5599245764096328
30.287859824780977 -0.12124962702382097 0.1712935620899781 0.9747099080843205 0.43716230432074166
30.35043804755945 -0.10654391732178871 0.2988037939447661 0.9981719333770699 0.31251970557739145
30.413016270337923 -0.08386008345558138 0.4259432825673513 1.013821684180137 0.18777984668514902
30.475594493116397 -0.05328337051940299 0.5507320010791809 1.0217088843504556 0.06472386017389864
30.53817271589487 -0.015022075893662883 0.6712221309741205 1.0219939626486982 -0.054895651714338856
30.600750938673343 0.03059538351183188 0.7855272760926779 1.0149454458249543 -0.16938078375560792
30.663329161451816 0.08312520587395977 0.8918507599772323 1.0009357377803456 -0.27711367388607133
30.725907384230286 0.1420146712530735 0.9885125816382457 0.9804353471860962 -0.3765806481990255
30.78848560700876 0.20661024206405168 1.0739746259861165 0.9540056517572527 -0.46639480324578086
30.851063829787233 0.2761672189385633 1.1468636679592332 0.9222902692542823 -0.5453166128527209
30.913642052565706 0.3498604634515615 1.205992427778827 0.8860054727755151 -0.6122727899226654
30.97622027534418 0.4267971306777667 1.250376673589041 0.84592880558673 -0.6663716090629862
31.038798498122652 0.5060293825641645 1.2792505690607112 0.8028877129438181 -0.7069166576649067
31.101376720901126 0.5865686192339498 1.292078035161998 0.7577468139777408 -0.7334170180273012
31.1639549436796 0.6674001168476761 1.2885609311527855 0.7113948090722476 -0.7455946013150743
31.226533166458072 0.7474980229887375 1.2686435287145221 0.6647310665523383 -0.7433881622787802
31.289111389236545 0.825840638311599 1.2325134411068523 0.6186519525281978 -0.7269541396874581
31.35168961201502 0.9014255627809902 1.180598900587547 0.5740372814608701 -0.6966642268696759
31.414267834793492 0.9732845763841221 1.113562423404135 0.5317370039615907 -0.6530997075560098
31.476846057571965 1.0404979764253854 1.032290990245083 0.492558380657095 -0.5970426715351366
31.53942428035044 1.102208267436064 0.9378828520319478 0.4572537352210513 -0.5294642085184428
31.60200250312891 1.1576328699156095 0.8316311782900674 0.4265090854499412 -0.4515097747332464
31.664580725907385 1.2060757327727536 0.7150047893805559 0.40093375547839705 -0.3644819483047838
31.727158948685858 1.2469376541570758 0.5896262611744771 0.38105114402020346 -0.26982083183779715
31.78973717146433 1.2797251552084035 0.4572477240993882 0.3672907878497307 -0.16908239047280574
31.852315394242805 1.3040577784224954 0.31972473754390857 0.35998183540831485 -0.06391506657509802
31.914893617021278 1.319673700904195 0.1789886057814572 0.3593480287889948 0.0439650010603095
31.97747183979975 1.3264335786484032 0.03701756450599669 0.3655042691877149 0.1527997692510269
32.040050062578224 1.3243225612559892 -0.10419273043527912 0.37845482007485004 0.26081570724847036
32.102628285356694 1.313450453201248 -0.24265898999817742 0.3980931694690697 0.36625046034999087
32.16520650813517 1.2940500087717157 -0.3764398708947414 0.42420356284098387 0.4673793271735058
32.22778473091364 1.2664733987720331 -0.5036649445699055 0.45646417253250376 0.5625411906419259
32.29036295369212 1.2311868916633408 -0.6225625882278021 0.4944518654758504 0.6501634836241965
32.35294117647059 1.1887638366189976 -0.7314864076628202 0.5376484908716958 0.7287858397835819
32.415519399249064 1.1398760548379738 -0.8289397622467727 0.5854485925965139 0.7970820448994174
32.47809762202753 1.0852837899270422 -0.913597992874087 0.6371684112879896 0.8538799311968395
32.54067584480601 1.0258241285812824 -0.9843286547834214 0.6920562556029509 0.8981794850405954
32.60325406758448 0.9623987235914788 -1.040207612797774 0.7493034975679768 0.9291672495108018
32.66583229036296 0.8959600858568477 -1.0805330308073249 0.8080568487119643 0.946228841276325
32.72841051314143 0.8274974382971109 -1.1048361810948284 0.8674310278603442 0.9489586196979759
32.7909887359199 0.7580218875321114 -1.112887685792035 0.9265220391909894 0.9371652655069486
32.85356695869837 0.6885512568366188 -1.1047015008826713 0.98442075297201 0.9108753379684078
32.91614518147684 0.620094908559575 -1.0805340749426398 1.0402264950704303 0.8703325111528999
32.97872340425532 0.5536386492489884 -1.040880892198426 1.0930605617575586 0.8159944679281248
33.04130162703379 0.49012998802470886 -0.9864686604537205 1.14207941753448 0.7485258940532316
33.103879849812266 0.4304640035300384 -0.9182442966476924 1.1864873473426614 0.6687886046530618
33.166458072590736 0.3754699776512477 -0.8373608449492754 1.225548421505386 0.577828923886228
33.22903629536921 0.32589906928399626 -0.7451599840583144 1.2585975286854918 0.476862010370087
33.29161451814768 0.28241305733673333 -0.6431519573658874 1.285050450728424 0.36725387488896766
33.35419274092616 0.2455745471820935 -0.5329926666647471 1.3044126263798679 0.250500858187447
33.41677096370463 0.21583857422763492 -0.416459087846619 1.3162866632869519 0.12820760621284358
33.479349186483105 0.1935459424657627 -0.29542231406506153 1.320378295731513 0.0020629208848820246
33.541927409261575 0.17891807277239058 -0.17181964681820786 1.3165009898011306 -0.12618524161219502
33.60450563204005 0.17205389812651578 -0.04762530896521734 1.3045787149655994 -0.2547560064689595
33.66708385481852 0.1729283807317811 0.07517897226268885 1.2846472626722498 -0.3818619322016318
33.729662077597 0.1813930633614015 0.19463389739026873 1.2568537427314688 -0.505735823785796
33.79224030037547 0.19717829716176577 0.30883192045609326 1.2214545778792 -0.6246570026774801
33.854818523153945 0.21989745270555572 0.4159459389267553 1.178811721792868 -0.7369770073211086
33.917396745932415 0.24905281419213837 0.5142566739033775 1.1293873693083913 -0.841144120705852
33.97997496871089 0.28404310583397935 0.6021785475135853 1.0737372044802467 -0.9357265520402925
34.04255319148936 0.32417265793123556 0.6782834503187211 1.012502179774738 -1.0194337288293673
34.10513141426784 0.3686618916945565 0.7413222642054951 0.9463991138042928 -1.0911355788782562
34.16770963704631 0.4166592186698455 0.7902435384815659 0.876210021772637 -1.149879262885146
34.230287859824784 0.46725379200133665 0.8242094520678158 0.8027706825912797 -1.1949034766212308
34.292866082603254 0.5194894235865806 0.8426082121667711 0.7269581614411833 -1.2256495618709382
34.355444305381724 0.5723788979400322 0.8450635867759864 0.6496779765892079 -1.2417700506095217
34.4180225281602 0.6249190150289846 0.8314403624925573 0.571850612923066 -1.243133560172251
34.48060075093867 0.6761057127289299 0.8018465626833862 0.4943979637106227 -1.229826787205664
34.54317897371715 0.7249492718002799 0.7566318552395882 0.4182296979892721 -1.2021530892693075
34.60575719649562 0.770489288319584 0.6963824022651797 0.34422983573812305 -1.1606278800580898
34.668335419274094 0.8118092095826355 0.6219121604051141 0.2732437135067937 -1.1059708460346664
34.73091364205256 0.8480502625547716 0.534250749506653 0.20606549357119947 -1.0390950898605573
34.79349186483104 0.8784244593417593 0.4346280950503387 0.14342649918373523 -0.9610933845824655
34.85607008760951 0.9022265589132618 0.3244561130405529 0.08598448407313167 -0.8732217791773997
34.91864831038799 0.9188448398430482 0.20530760529491723 0.03431396626086603 -0.7768807058389857
34.981226533166456 0.9277704362253277 0.07889275806995653 -0.011102151849833992 -0.6735939408661351
35.04380475594493 0.9286051250249675 -0.05296634893731671 -0.049879577034429017 -0.5649857836458958
35.1063829787234 0.921067512990519 -0.1883630239704119 -0.08173818600005103 -0.45275663214538847
35.16896120150188 0.9049974132203408 -0.3253343615065163 -0.1065059653343525 -0.3386575579846697
35.23153942428035 0.8803584796391895 -0.46189066495958475 -0.12412139177086383 -0.22446396392464196
35.294117647058826 0.8472389233099616 -0.5960451476767664 -0.13463409507516907 -0.11194899189299948
35.356695869837296 0.8058504619618047 -0.7258436343450454 -0.13820393908537146 -0.0028569303991456685
35.41927409261577 0.7565253094214871 -0.8493937824739816 -0.1350983478116409 0.10112294856266343
35.48185231539424 0.6997113982776899 -0.9648933659332063 -0.12568804967820776 0.19838171295628748
35.54443053817272 0.6359659002752379 -1.0706571961104208 -0.11044129764648015 0.2874148744224604
35.60700876095119 0.5659471493646093 -1.1651423387844146 -0.08991665916161337 0.366844966104405
35.669586983729666 0.49040497329573407 -1.2469711523544262 -0.0647543812023919 0.4354421698280986
35.732165206508135 0.4101696924336792 -1.3149519019521656 -0.035666562029432414 0.4921427727942318
35.794743429286605 0.32613991051096697 -1.3680965648623464 -0.003426241308048375 0.536065109419409
35.85732165206508 0.23926928177639467 -1.40563561656232 0.03114442623410866 0.5665227996557278
35.91989987484355 0.15055249580200028 -1.4270294745468886 0.06718669758957926 0.5830349947029213
35.98247809762203 0.06101058065434743 -1.4319766280181396 0.10381837852252962 0.5853336552545109
36.0450563204005 -0.02832414171712401 -1.4204180974260894 0.1401472719571943 0.5733675434813206
36.107634543178975 -0.11642328731102342 -1.392538328708767 0.1752847939248552 0.5473030226366034
36.170212765957444 -0.2022775596896872 -1.348762380046171 0.2083595158546001 0.5075215369693632
36.23279098873592 -0.2849116611029646 -1.2897495713433647 0.23853049317624994 0.45461392435633724
36.29536921151439 -0.3633985884299486 -1.216383651842137 0.265000043190471 0.3893716112767231
36.35794743429287 -0.43687332600331885 -1.1297595671413108 0.2870259826522622 0.31277476290272266
36.42052565707134 -0.5045456343010849 -1.0311669178093463 0.30393305564671186 0.2259774708689678
36.483103879849814 -0.5657112928073201 -0.9220712946158877 0.31512297813935264 0.1302910398543664
36.545682102628284 -0.61976320704257 -0.8040911679055862 0.32008435857219814 0.027163293315891804
36.60826032540676 -0.6661994760396862 -0.6789746700056111 0.31839989982980904 -0.08184221632325035
36.67083854818523 -0.7046309398147825 -0.5485731048914066 0.309753133515663 -0.19506992785924998
36.73341677096371 -0.7347868281972231 -0.4148132847314401 0.29393345458069187 -0.31079704173028555
36.79599499374218 -0.7565185705666814 -0.2796686780098561 0.27083950937660983 -0.42725935435890156
36.858573216520654 -0.7698017837416642 -0.1451299179103697 0.2404809523110725 -0.5426776650946002
36.92115143929912 -0.7747364059206938 -0.013175022772884334 0.2029785424918123 -0.6552844407097739
36.9837296620776 -0.7715450080606631 0.11426018340382989 0.1585626084602889 -0.7633503004902313
37.04630788485607 -0.760569210119786 0.23531102082680055 0.10756981605628782 -0.8652099372201392
37.10888610763455 -0.7422643686485754 0.34821182876322326 0.05043838850339174 -0.9592870752541229
37.171464330413016 -0.7171925372986017 0.4513223690030556 -0.012298219862291217 -1.0441181107144335
37.234042553191486 -0.686013861865049 0.5431523205064592 -0.08001905144038964 -1.118374042125314
37.29662077596996 -0.6494764470143468 0.6223835959602019 -0.15202474163086044 -1.1808804503272023
37.35919899874843 -0.6084048959903182 0.6878900093018093 -0.2275478031456098 -1.230635105971831
37.42177722152691 -0.5636881371614652 0.7387537244619046 -0.3057635480431388 -1.2668226945537508
37.48435544430538 -0.516265246240921 0.7742798930933152 -0.385802806037468 -1.2888279190833976
37.546933667083856 -0.46711176129909393 0.7940060322607679 -0.4667641989332315 -1.296243892719517
37.609511889862326 -0.4172246585068483 0.7977093520166165 -0.5477276155856364 -1.288878695010805
37.6720901126408 -0.3676072647697346 0.7854099292535133 -0.627767742529947 -1.266758208410397
37.73466833541927 -0.31925406240019405 0.7573700651908606 -0.7059676909196352 -1.2301255370533115
37.79724655819775 -0.27313559344156946 0.7140916847362889 -0.7814325340462738 -1.1794386719448364
37.85982478097622 -0.2301837526564063 0.6563068254273439 -0.8533024960893243 -1.1153619675572333
37.922403003754695 -0.19127758648828458 0.5849672681405453 -0.9207656876431937 -1.0387568498412825
37.984981226533165 -0.1572301532326049 0.5012308628812792 -0.9830698905270838 -0.9506695645393342
38.04755944931164 -0.1287760664681828 0.40644364024739327 -1.0395337302178906 -0.8523151513547147
38.11013767209011 -0.1065602566662362 0.3021195614497 -1.0895567570358329 -0.7450593033189394
38.17271589486859 -0.09112832882799975 0.1899180783429381 -1.1326280976446286 -0.6303982648662433
38.23529411764706 -0.08291812792558544 0.07161900663820747 -1.1683340245339917 -0.5099363237155696
38.297872340425535 -0.08225295467453878 -0.050904422003034855 -1.196364047187206 -0.38536167178138814
38.360450563204004 -0.08933683634484196 -0.17571304895793907 -1.2165151624856274 -0.25842178138000704
38.42302878598248 -0.10425105608304652 -0.30083146086198376 -1.2286949776707916 -0.13089682619948623
38.48560700876095 -0.12695293297034285 -0.42427739866052855 -1.2329228172781002 -0.004573337767925845
38.54818523153943 -0.1572763148316186 -0.5440915199371088 -1.2293292958182218 0.11878245460242956
38.6107634543179 -0.19493390070256317 -0.6583668612654562 -1.2181542515019204 0.2374510154111883
38.67334167709637 -0.23952146497870921 -0.7652774203082712 -1.199742976497638 0.3497851064710892
38.735919899874844 -0.29052375053007967 -0.8631055934324317 -1.1745409521094514 0.45423436569640796
38.798498122653314 -0.3473220917285509 -0.9502679626139062 -1.1430870342879222 0.5493684078556861
38.86107634543179 -0.40920355863663854 -1.0253390908235025 -1.1060052763979273 0.6338981420942698
38.92365456821026 -0.4753715273197707 -1.0870729473582021 -1.063995474339642 0.7066949672489582
38.98623279098874 -0.5449575114962792 -1.1344216477596867 -1.0178225815773452 0.7668075625507129
39.04881101376721 -0.6170340425914501 -1.1665511960953328 -0.9683051847455083 0.8134759941163308
39.11138923654568 -0.6906285151536871 -1.1828541334701452 -0.9163031141915456 0.8461430511419268
39.17396745932415 -0.7647377396772221 -1.182958845526799 -0.8627044204408575 0.8644625903880689
39.23654568210263 -0.8383426477959901 -1.16673473917544 -0.8084122135854621 0.8683041817221557
39.2991239048811 -0.9104237065867143 -1.134294819542214 -0.7543308670813749 0.8577554257148364
39.361702127659576 -0.9799759736098358 -1.0859937670365043 -0.7013525426118993 0.8331202417443984
39.424280350438046 -1.0460241872021014 -1.0224229778645724 -0.6503436827650911 0.7949144370095496
39.48685857321652 -1.1076372422995593 -0.9444014774432435 -0.6021320533094879 0.7438575798618212
39.54943679599499 -1.1639421421682699 -0.8529641831865562 -0.5574942541533205 0.6808624996145052
39.61201501877347 -1.214137006831509 -0.7493462107134398 -0.5171440743638946 0.6070212433604572
39.67459324155194 -1.257503027472777 -0.6349645343646877 -0.4817217904032636 0.5235886636678524
39.737171464330416 -1.293415223410777 -0.511396901905524 -0.4517845359867355 0.43196354748715365
39.799749687108886 -1.3213517548838865 -0.38035836365963405 -0.42779796453601937 0.3336676088542294
39.86232790988736 -1.3409017614126482 -0.2436756598307589 -0.41012923129734047 0.2303225636610205
39.92490613266583 -1.3517714536662355 -0.10325988604769155 -0.3990415387579678 0.12362566261971482
39.98748435544431 -1.3537885649154182 0.03892181649828874 -0.39469015037083344 0.0153243507715725
40.05006257822278 -1.346904899615278 0.18087572820493364 -0.3971201076064148 -0.09281010933866447
40.11264080100125 -1.3311970992166648 0.3206113136690017 -0.40626554279052296 -0.1990092790779304
40.175219023779725 -1.306865482016885 0.4561708537074481 -0.4219507159502505 -0.3015340682207873
40.237797246558195 -1.2742310931999903 0.5856586925696852 -0.443892653750385 -0.3987009148849791
40.30037546933667 -1.2337309180583094 0.7072694858506805 -0.4717054326170982 -0.48890707064952776
40.36295369211514 -1.1859113864374844 0.8193151382878497 -0.5049059913921405 -0.5706547125331022
40.42553191489362 -1.1314202361506476 0.9202499713100267 -0.5429214128555628 -0.6425734698012631
40.48811013767209 -1.0709968672946657 1.0086937598329657 -0.5850975559771101 -0.7034410427846006
40.550688360450565 -1.0054613461019464 1.0834522694244824 -0.6307088968473273 -0.7522015833938658
40.613266583229034 -0.9357021454343879 1.1435351387698425 -0.6789695002886121 -0.787981698474466
40.67584480600751 -0.8626629751478748 1.1881704598150926 -0.7290448058464557 -0.8101034960833075
40.73842302878598 -0.7873286983376345 1.2168163314126552 -0.7800642317334546 -0.8180949216798505
40.80100125156446 -0.7107106589400332 1.229168874954097 -0.8311343052779303 -0.8116969261937045
40.86357947434293 -0.6338316572130412 1.225166640579006 -0.8813521080828626 -0.7908674020286847
40.926157697121404 -0.5577107302854968 1.204991474022394 -0.9298188951395077 -0.7557819497471757
40.988735919899874 -0.48334797760694165 1.1690657056407059 -0.9756536731382331 -0.7068313514548309
41.05131414267835 -0.4117096895735754 1.118045718357025 -1.0180065067042572 -0.6446158017033893
41.11389236545682 -0.34371402562855485 1.0528120475766323 -1.0560713320122568 -0.5699360329735246
41.1764705882353 -0.2802173583292829 0.9744561143907381 -1.0890981734681184 -0.4837814264696718
41.23904881101377 -0.22200160481794817 0.8842638131505769 -1.1164044756305054 -0.38731530621179505
41.30162703379224 -0.16976259591783796 0.7836961652060356 -1.1373855054035023 -0.28185760608387617
41.36420525657071 -0.12409983802826954 0.6743673693754095 -1.1515235064661722 -0.16886520586732268
41.42678347934919 -0.08550765071076476 0.5580205732239386 -1.1583956212626774 -0.04991022646528312
41.48936170212766 -0.05436791731601334 0.43650169227494595 -1.1576803680243823 0.07334342273989256
41.55193992490613 -0.030944509580869146 0.31173170455829197 -1.1491626182731094 0.19916486165847527
41.614518147684606 -0.015379487069142467 0.18567782173606284 -1.132736984486501 0.3257820630857816
41.677096370463076 -0.007691126155098624 0.06032394229769602 -1.1084095689545204 0.4514083189994713
41.73967459324155 -0.007773813748134615 -0.062359027234035344 -1.0762980423231383 0.5742688248552565
41.80225281602002 -0.015399774876567499 -0.18044285041220856 -1.0366300794836494 0.6926272630726533
41.8648310387985 -0.030222663353732068 -0.2920708230466808 -0.9897401266614503 0.8048116556657462
41.92740926157697 -0.05178290980986571 -0.39548566022944753 -0.93606459437692 0.9092393434327859
41.989987484355446 -0.07951478121839714 -0.48905585015620656 -0.8761355173721471 1.0044405919763228
42.052565707133915 -0.11275502583038124 -0.5713001429655589 -0.8105727944237752 1.089080527448482
42.11514392991239 -0.1507529888001677 -0.6409097816289075 -0.7400751107824418 1.1619790501222331
42.17772215269086 -0.19268202973280532 -0.6967681295779626 -0.6654096943835084 1.22212841656242
42.24030037546934 -0.23765208552704606 -0.7379674777010082 -0.5874010461007791 1.268708295745778
42.30287859824781 -0.28472319052825057 -0.7638226641559899 -0.5069188123901728 1.3010979708799189
42.365456821026285 -0.3329197513753288 -0.7738813278106578 -0.42486498177672927 1.3188855264569008
42.428035043804755 -0.3812453398167134 -0.7679307178393858 -0.34216061719215046 1.3218739511703035
42.49061326658323 -0.4286977790356395 -0.7460011688899028 -0.25973232519268785 1.3100842546830518
42.5531914893617 -0.4742844131237048 -0.7083655443551061 -0.1784985608383451 1.2837549736310376
42.61576971214018 -0.5170371533683347 -0.6555350435503622 -0.09935613216248357 1.2433384213199674
42.67834793491865 -0.5560271679293587 -0.5882516664758499 -0.02316702373820257 1.1894939441129522
42.740926157697125 -0.5903790005786917 -0.5074772187088377 0.049254268742638864 1.1230780793066246
42.803504380475594 -0.6192839778083844 -0.4143791709406852 0.11715276685732662 1.045131896151814
42.866082603254064 -0.6420123077632777 -0.3103123879761057 0.17984386667086533 0.9568646377090326
42.92866082603254 -0.6579244295593932 -0.19679977906809595 0.23672352477389863 0.8596363966419152
42.99123904881101 -0.6664807314574237 -0.07550915445712537 0.2872769839236259 0.7549373933711557
43.05381727158949 -0.6672498160548028 0.05177172137126307 0.33108619770359604 0.6443656391757406
43.11639549436796 -0.6599153036696946 0.18316171882357357 0.36783594629408756 0.5296031283100184
43.178973717146434 -0.6442806893168506 0.31671464912782127 0.3973182094212169 0.4123904924476214
43.2415519399249 -0.6202725337582555 0.4504483166653278 0.4194350475950231 0.2945009864817324
43.30413016270338 -0.5879417902736076 0.5823741866830244 0.4341998140155689 0.17771392297911787
43.36670838548185 -0.5474632742769927 0.7105271293596409 0.4417367035072291 0.06378803797802865
43.42928660826033 -0.4991332751487723 0.8329948302308651 0.442278637898712 -0.04556484472783148
43.4918648310388 -0.44336535412484046 0.9479464102161825 0.4361635270905568 -0.14870544180251902
43.55444305381727 -0.38068435488519015 1.053659867682857 0.42382892968936076 -0.24409158402256886
43.61702127659574 -0.311718863406137 1.1485476583995697 0.40580532475636366 -0.33030112272979995
43.67959949937422 -0.23719190562744646 1.2311809521800845 0.3827078061572024 -0.406053651571982
43.74217772215269 -0.15791040420080177 1.300310349127077 0.355226664745767 -0.47022905818221794
43.804755944931166 -0.07475331500563338 1.3548850880072831 0.32411678911289077 -0.5218847258494803
43.867334167709636 0.011341118011178826 1.3940684529962273 0.2901862759301545 -0.5602693311824302
43.92991239048811 0.09938943883980203 1.4172507409284743 0.25428384946173116 -0.5848344575725422
43.99249061326658 0.18837742881351535 1.424058042435423 0.21728594577343452 -0.5952424603417181
44.05506883604506 0.2772749715492604 1.4143579983519832 0.18008342496945107 -0.591371623556141
44.11764705882353 0.3650512652820481 1.3882617371777943 0.143567972198898 -0.5733178973512234
44.180225281602006 0.4506900496431616 1.34612220358199 0.10861848565747248 -0.5413934037856217
44.242803504380475 0.5332045971053044 1.2885290852510818 0.0760876750759088 -0.4961218968283892
44.305381727158945 0.6116522640529236 1.2162998927319775 0.04678905437396459 -0.43823077772550806
44.36795994993742 0.6851483887892262 1.1304677866611053 0.021484518917371152 -0.3686401979731244
44.43053817271589 0.7528793976637184 1.0322663596637094 0.0008726316787162503 -0.2884494355077473
44.49311639549437 0.8141145416400156 0.9231104094080912 -0.014421864501634657 -0.19891968140122795
44.55569461827284 0.8682168522230372 0.8045757762168262 -0.023857835742745376 -0.10145598900174936
44.618272841051315 0.9146523675541642 0.6783752824645889 -0.026985997293032606 0.0024142673163918063
44.680851063829785 0.9529979430157105 0.5463332849356654 -0.023455886401668277 0.11106417527370929
44.74342928660826 0.9829473804116309 0.4103583784960572 -0.013021329824658864 0.22279172300104708
44.80600750938673 1.0043158134959154 0.2724148867840335 0.004455649756050874 0.3358453233120311
44.86858573216521 1.0170422798734025 0.13449350990580292 0.029002551044911257 0.4484500926172492
44.93116395494368 1.0211904164850203 -0.0014184113156204686 0.06053579138165653 0.5588344729652557
44.993742177722154 1.0169474572696184 -0.13336658799263418 0.09886162402380277 0.6652568152750301
45.056320400500624 1.0046209838324027 -0.25945901991213405 0.1436790671075881 0.7660315540244327
45.1188986232791 0.9846343398703656 -0.3778941744140718 0.19458402888305096 0.8595544344816063
45.18147684605757 0.9575200757827895 -0.4869879236143619 0.25107519642675363 0.9443266278052288
45.24405506883605 0.9239118031045732 -0.5851987012113182 0.3125613479075378 1.0189772516032896
45.30663329161452 0.8845345431850663 -0.6711504833453132 0.37837001278826343 1.0822839417639243
45.369211514392994 0.8401936872530511 -0.7436533456089529 0.4477573750596645 1.1331912535729496
45.431789737171464 0.791762799687593 -0.8017211804287564 0.5199192118972626 1.170826519799131
45.49436795994994 0.7401703930885979 -0.8445863691380938 0.5940027525749372 1.1945129815705586
45.55694618272841 0.6863858690634984 -0.8717112373555833 0.6691192839823839 1.2037800385752724
45.61952440550689 0.6314048663598834 -0.8827960084800515 0.744357286349671 1.1983703632107432
45.68210262828536 0.576234213927891 -0.877783141318319 0.8187959222311747 1.1782437766145248
45.744680851063826 0.521876737006434 -0.8568581530849144 0.891518656600447 1.1435779772495083
45.8072590738423 0.46931612781199983 -0.8204473481392498 0.9616268186410379 1.0947664984971879
45.86983729662077 0.41950196565102205 -0.7692099574894563 1.028253028908485 1.0324116609486054
45.93241551939925 0.3733355946674554 -0.7040294783802877 1.090573858322462 0.9573168083674335
45.99499374217772 0.3316563842785283 -0.6259997361887716 1.1478221436534326 0.8704738173426758
46.057571964956196 0.2952290487843216 -0.5364086492019642 1.1992983540936664 0.7730485498220487
46.120150187734666 0.26473219297811784 -0.43671887356237754 1.244380859312116 0.666363511743083
46.18272841051314 0.2407479742357097 -0.32854574462414754 1.2825351971856978 0.5518780905371322
46.24530663329161 0.22375328608849737 -0.213632937780686 1.3133219784679135 0.43116675034488294
46.30788485607009 0.21411260284507916 -0.0938264167481707 1.3364033034191491 0.30589569357306934
46.37046307884856 0.21207239333764832 0.028953344754577004 1.351547772712037 0.1777979762047186
46.433041301627036 0.21775733617375548 0.15274033557568384 1.358633884512118 0.04864755358384991
46.495619524405505 0.2311684795602438 0.2755521751336793 1.357651689605478 -0.07976684888831924
46.55819774718398 0.25218303592702357 0.3954202838787869 1.3487029819841032 -0.2056687628348171
46.62077596996245 0.28055625600064793 0.5104191917500661 1.3319996266827097 -0.3273202321389122
46.68335419274093 0.31592498883677245 0.6186955668729476 1.3078603772465904 -0.44304781773611457
46.7459324155194 0.3578130998191607 0.718496008925364 1.2767060287856866 -0.5512674962483961
46.808510638297875 0.40563854332718047 0.8081934113164607 1.2390530886653326 -0.6505082770717721
46.871088861076345 0.4587220365261917 0.8863113723380447 1.1955060127779846 -0.7394340724015598
46.93366708385482 0.5162972097480562 0.9515464452884161 1.146748118911225 -0.8168636321391343
46.99624530663329 0.5775220757904189 1.00278781024766 1.093531318400868 -0.8817881699682831
47.05882352941177 0.6414916122820196 1.0391338750675552 1.0366648504028688 -0.9333862396228889
47.12140175219024 0.7072512251258007 1.0599058547221147 0.9770032265270837 -0.9710359053501829
47.18397997496871 0.7738112036729969 1.0646582436606316 0.9154332867434318 -0.9943241301344842
47.246558197747184 0.8401613221219298 1.053185258786512 0.8528611236915964 -1.0030525556790884
47.309136420525654 0.905286128706424 1.0255242881535693 0.7901983904389585 -0.9972406010738827
47.37171464330413 0.9681801549553767 0.9819553244027062 0.7283486791592796 -0.9771249658530679
47.4342928660826 1.027862836734845 0.9229968628372358 0.6681941572559198 -0.9431559671782164
47.49687108886108 1.0833934614639162 0.8493982786667776 0.6105821793963895 -0.8959907241674588
47.55944931163955 1.1338850679239394 0.7621286674992351 0.5563128368342105 -0.83648317507811
47.622027534418024 1.1785179282864753 0.6623624476235366 0.5061268802005838 -0.7656711947021616
47.68460575719649 1.2165516098631626 0.5514619524338233 0.4606949134892829 -0.6847610164240668
47.74718397997497 1.2473364699072913 0.4309570390913182 0.4206070950906681 -0.5951089823374539
47.80976220275344 1.2703231544112865 0.3025223288553398 0.38636462558042367 -0.4982011724745693
47.87234042553192 1.285071026863413 0.16795224199054865 0.35837219307786605 -0.3956310590606323
47.934918648310386 1.2912547927401707 0.029134219424691493 0.33693203366499525 -0.28907553694840515
47.99749687108886 1.2886694400576053 -0.11197943733892333 0.3222394991240233 -0.1802697166359065
48.06007509386733 1.2772334142429462 -0.25340068802098104 0.3143802051948026 -0.07098085599096801
48.12265331664581 1.2569899031922378 -0.39313543371884807 0.31332887151825445 0.037018208125264435
48.18523153942428 1.2281062987379598 -0.5292132293019322 0.3189497939711412 0.1419756572216045
48.247809762202756 1.1908717907053465 -0.6597167350608624 0.3309989886388344 0.24218705516652578
48.310387984981226 1.1456931424695829 -0.7828103122404004 0.34912796363593057 0.33602094567125224
48.3729662077597 1.0930887141873853 -0.8967674070359004 0.3728890595249581 0.42194336500021784
48.43554443053817 1.0336808212013373 -0.9999963148504598 0.4017422799886349 0.4985409043779607
48.49812265331665 0.9681865403022767 -1.0910639147058805 0.43506351185754877 0.5645419548568644
48.56070087609512 0.8974071051010851 -1.1687170417578616 0.4721540080148362 0.6188358373082271
48.62327909887359 0.8222160873166763 -1.2319010915446191 0.5122509569535104 0.6604894536475892
48.685857321652065 0.7435463538939091 -1.2797759202073873 0.5545391480174784 0.6887615168177738
48.748435544430535 0.6623762646495165 -1.311728338886856 0.5981633162252901 0.7031137311016232
48.81101376720901 0.5797153213994017 -1.3273807473795405 0.6422409777853764 0.7032185154049512
48.87359198998748 0.4965890306997299 -1.326597313918612 0.6858759692864639 0.6889645293101616
48.93617021276596 0.4140238600929559 -1.3094855038030746 0.7281719026962861 0.660458034323158
48.99874843554443 0.3330319272116781 -1.2763947257261512 0.7682458590925415 0.6180216742605463
49.061326658322905 0.2545960621211774 -1.2279106855289623 0.8052417477177982 0.56218941193166
49.123904881101375 0.1796552540098023 -1.1648469538795188 0.8383433204130903 0.49369897114988315
49.18648310387985 0.10909075639070732 -1.0882324489984574 0.8667865959313864 0.41348062096290245
49.24906132665832 0.04371309309047011 -0.9992961107735042 0.8898714772000297 0.3226434450433899
49.3116395494368 -0.015749886145000808 -0.8994481947130294 0.906972428262102 0.22245858443633676
49.37421777221527 -0.06866373964106137 -0.790259507216113 0.9175480669387849 0.11434063702162006
49.436795994993744 -0.11449668828786386 -0.6734374680669888 0.9211494322511403 -0.00017378394770029004
49.499374217772214 -0.15282746495536628 -0.5508007286791551 0.9174269932634974 -0.11944878437031459
49.56195244055069 -0.18335132434745804 -0.4242517007543966 0.9061360102863085 -0.24177379476167773
49.62453066332916 -0.20588451411217418 -0.2957483107060506 0.8871405178357022 -0.3653888687891912
49.68710888610764 -0.220366749177067 -0.16727441446535624 0.8604155192015326 -0.48851118115813674
49.74968710888611 -0.22686192784505116 -0.040810126726812584 0.8260476062476328 -0.6093616018646275
49.812265331664584 -0.22555696981598672 0.0816978555314795 0.7842338971482274 -0.7261912753198093
49.87484355444305 -0.21675880766390387 0.1983654309080115 0.7352793203119935 -0.8373077527114198
49.93742177722153 -0.20088957906793187 0.3073993454989345 0.6795922868635925 -0.9411002949435577
50.0 -0.17848009135416198 0.4071240607447643 0.6176788157786415 -1.0360639359004098
