0.0 1.0 0.5 2.0 0.5
0.0625782227784731 1.0339302392048837 0.5840636682653091 2.0275725544080214 0.3815838589579522
0.1251564455569462 1.0730394006690185 0.6652644169739679 2.0478182769253768 0.26606357502327976
0.18773466833541927 1.1171014065394547 0.7421070132853127 2.06096066421243 0.15478531469285187
0.2503128911138924 1.1657984276465716 0.8131727369055712 2.0673055705383785 0.049018230192641496
0.31289111389236546 1.218727117034328 0.8771402287297638 2.0672350958021632 -0.05006355146402046
0.37546933667083854 1.2754049103151583 0.93280457432623 2.0612014801073433 -0.14139735460305414
0.4380475594493116 1.335278014873949 0.9790946144039104 2.0497195197807914 -0.22404664239987349
0.5006257822277848 1.3977300292177408 1.015087523657254 2.0333584875608763 -0.29721321151206925
0.5632040050062578 1.4620919549773232 1.04002204878581 2.012732838330016 -0.36024806286645167
0.6257822277847309 1.5276523904304466 1.0533081180811694 1.9884928412459568 -0.4126590222886057
0.688360450563204 1.5936685975850382 1.0545345441389422 1.9613144757279761 -0.45411658147807327
0.7509386733416771 1.6593777665856646 1.0434736962632805 1.9318892244160768 -0.48445702102463567
0.8135168961201502 1.7240088736538524 1.0200834819908455 1.9009133995158962 -0.5036830815538553
0.8760951188986232 1.7867939916000002 0.9845066225223305 1.8690780249472714 -0.5119622750538572
0.9386733416770964 1.8469794820206813 0.9370669196683395 1.837058896757653 -0.509622527672631
1.0012515644555695 1.903837662166101 0.8782632515511499 1.805506272226066 -0.49714575628313284
1.0638297872340425 1.9566773348827715 0.8087606930344222 1.7750356461655794 -0.4751589895695644
1.1264080100125156 2.0048535674418804 0.7293797857319517 1.7462192436659836 -0.4444239110974537
1.1889862327909888 2.0477779629237185 0.641081777998261 1.7195771662528943 -0.40582276904816394
1.2515644555694618 2.08492587326864 0.5449545877925432 1.6955712600739787 -0.3603452125675972
1.3141426783479349 2.1158442853272588 0.44219521407101653 1.674598463532137 -0.3090719047131189
1.376720901126408 2.1401580272757834 0.33409101491888005 1.6569856848697015 -0.2531572823821983
1.4392991239048811 2.1575746542395455 0.22200080761306423 1.6429858654871659 -0.19381228061102776
1.5018773466833542 2.1678888939007575 0.10733200556968786 1.6327745276040284 -0.13228357068600338
1.5644555694618272 2.1709840947846657 -0.008478157808324045 1.6264489090333152 -0.06983671461962744
1.6270337922403004 2.1668340884595865 -0.12398539273860536 1.6240268175198183 -0.007735732922060992
1.6896120150187734 2.1555026797490524 -0.2377593770508727 1.625447565614203 0.052775558205434295
1.7521902377972465 2.137142234836934 -0.34840490644584027 1.6305737134027958 0.11049223742666428
1.8147684605757197 2.1119907979820636 -0.4545820281166086 1.6391941014092344 0.1642659261681248
1.8773466833541927 2.080368011155386 -0.5550255328366487 1.6510279366596086 0.2130217532559224
1.9399249061326658 2.0426698931563347 -0.6485627087944094 1.6657298558436555 0.2557736653676794
2.002503128911139 1.999362451454367 -0.7341300712042591 1.6828960052040005 0.2916387161620231
2.065081351689612 1.95097470126968 -0.8107874399212949 1.702070587058806 0.319848939238531
2.127659574468085 1.8980899203988326 -0.8777319850605527 1.722753976845782 0.3397630265093571
2.1902377972465583 1.8413372789230795 -0.9343074344918505 1.7444103927506989 0.3508737354769329
2.252816020025031 1.7813821560213141 -0.9800130638687011 1.766476728238374 0.35281497912009335
2.3153942428035044 1.7189162452538795 -1.0145094526699416 1.7883714954734689 0.3453660170583658
2.3779724655819776 1.6546473264851438 -1.0376220204281106 1.8095040117342605 0.32845363924761223
2.4405506883604504 1.589288917428148 -1.0493419777220545 1.8292836295206496 0.30215203683206354
2.5031289111389237 1.523549929797663 -1.049824859014341 1.8471289027876747 0.266680520676095
2.565707133917397 1.4581245392064492 -1.039386349704091 1.8624764952808726 0.22239885114704555
2.6282853566958697 1.3936822722555047 -1.0184965644029413 1.8747898564667462 0.16980120951094196
2.690863579474343 1.3308584313686316 -0.9877724987201381 1.8835675504318696 0.10950857505653824
2.753441802252816 1.2702457575970993 -0.9479636572903543 1.8883503096056353 0.04225514375350709
2.816020025031289 1.212386022138993 -0.89994372583776 1.8887283015197327 -0.03111987906141961
2.8785982478097623 1.1577628908622917 -0.8446945738818168 1.8843470681198335 -0.10968719383890854
2.9411764705882355 1.1067956491699458 -0.7832906743198949 1.8749127063088817 -0.19244186987044754
3.0037546933667083 1.0598337595437821 -0.7168824688591217 1.860196278085072 -0.2783186683866679
3.0663329161451816 1.0171527475877449 -0.6466783535773984 1.840036998983774 -0.36620846893800485
3.1289111389236544 0.9789512758298142 -0.5739259561701141 1.8143443472151028 -0.4549752144043405
3.1914893617021276 0.9453492217589058 -0.4998931399877753 1.7830992682975415 -0.543473004526671
3.254067584480601 0.9163869633754476 -0.4258490409151531 1.746354301011758 -0.6305630462610786
3.3166458072590737 0.8920258968665331 -0.35304510551174184 1.704232601894767 -0.715130486724711
3.379224030037547 0.8721502061670646 -0.28269654165684616 1.6569258607571355 -0.7961007606668856
3.44180225281602 0.8565695787418669 -0.21596444200255313 1.6046913869065766 -0.8724552495180222
3.504380475594493 0.845023039493589 -0.15393887937378545 1.5478482197851928 -0.9432459693969122
3.566958698372966 0.8371841362886524 -0.09762347943906233 1.4867720677636276 -1.0076088160178547
3.6295369211514394 0.8326668525276757 -0.04792116041786485 1.4218896257960207 -1.0647757016822292
3.6921151439299122 0.8310320328607845 -0.005621502517306169 1.3536724745932223 -1.1140851924633155
3.7546933667083855 0.8317949170029865 0.028609861684187908 1.282630039115277 -1.1549912410218734
3.8172715894868587 0.8344332372402901 0.05424015916145825 1.2093020851029002 -1.187070354270107
3.8798498122653315 0.8383957123718424 0.07087623865545138 1.1342509143524293 -1.2100268090797262
3.942428035043805 0.8431109485577564 0.07826912277144046 1.0580532509024676 -1.2236958611924618
4.005006257822278 0.847996554393906 0.07631643091836163 0.9812919884073705 -1.2280450375775764
4.067584480600751 0.8524683254632311 0.0650626067444649 0.9045479297732514 -1.223173466761584
4.130162703379224 0.8559493863266581 0.04469686492046774 0.8283916213655305 -1.2093091818056652
4.192740926157697 0.8578791338542309 0.01554908017647112 0.7533754158640019 -1.1868046091377988
4.25531914893617 0.857721852805253 -0.02191640560941917 0.6800258798211539 -1.156130233803481
4.317897371714643 0.8549748807605189 -0.0671089821382159 0.6088366539638455 -1.1178665204748297
4.380475594493117 0.8491762111486343 -0.11932169027305388 0.5402618587006187 -1.0726943544628769
4.44305381727159 0.8399114148774464 -0.17774284252267855 0.4747101512323495 -1.0213840317098342
4.505632040050062 0.826819791707321 -0.24146910215960676 0.41253950777338305 -0.9647830218663397
4.5682102628285355 0.8095996941133459 -0.3095197555357656 0.35405277554793735 -0.9038027462286019
4.630788485607009 0.7880128538328475 -0.3808521305451571 0.299494145323987 -0.8394044283492992
4.693366708385482 0.7618877402429405 -0.4543777328608849 0.24904650785621024 -0.7725843961035629
4.755944931163955 0.7311219376922434 -0.5289788833833436 0.2028297004360266 -0.7043590292839588
4.8185231539424285 0.6956836142613029 -0.6035256446739813 0.16089957349344777 -0.6357495349371012
4.881101376720901 0.6556113820393336 -0.676893002196899 0.12324850267243395 -0.5677666464379374
4.943679599499374 0.6110136875887174 -0.7479774805015165 0.08980630744667627 -0.5013958697819392
5.006257822277847 0.5620670041074468 -0.815713476753255 0.06044223503428016 -0.4375830938295868
5.068836045056321 0.5090128442636588 -0.8790889202570968 0.03496798310810613 -0.3772209112262355
5.131414267834794 0.45215400630541447 -0.9371599220735392 0.013141383834577379 -0.32113591046293677
5.193992490613266 0.39184989842063694 -0.9890642071459276 -0.0053291166299926866 -0.27007713862172383
5.256570713391739 0.328510959144394 -1.034033584122921 -0.02077919416355979 -0.22470550531391636
5.319148936170213 0.2625924969354116 -1.0714042584736723 -0.03358291413300876 -0.18558516216449658
5.381727158948686 0.19458782310754255 -1.1006261371576809 -0.04414639217614205 -0.1531758459659665
5.444305381727159 0.1250210233681313 -1.1212699169062141 -0.052901184321356126 -0.12782722984910758
5.506883604505632 0.05443903331027969 -1.1330327350156015 -0.060297090513625536 -0.10977461903603548
5.569461827284105 -0.016596342106158037 -1.1357414879662782 -0.06679496330955172 -0.09913672910701013
5.632040050062578 -0.08751650330500918 -1.1293543087728757 -0.07285947657391406 -0.0959151127249009
5.694618272841051 -0.15775434239551228 -1.113960186725788 -0.07895175041160617 -0.09999525989900547
5.7571964956195245 -0.2267523628680942 -1.0897765702671998 -0.08552217317375241 -0.11114947878937381
5.819774718397998 -0.2939705939485157 -1.0571451361391415 -0.09300345121331237 -0.1290413900564097
5.882352941176471 -0.35889417640813326 -1.0165256127790516 -0.10180399910558514 -0.15323212297770436
5.944931163954943 -0.42104051020423516 -0.9684879725406899 -0.11230176072917518 -0.18318792293556255
6.007509386733417 -0.4799658748668196 -0.9137031967895917 -0.12483853586924842 -0.2182889802179932
6.07008760951189 -0.535271426181218 -0.8529324357229103 -0.1397149027704432 -0.2578396297140597
6.132665832290363 -0.5866084575991939 -0.7870150042940325 -0.15718582566524456 -0.30107951800506993
6.195244055068836 -0.6336828933122695 -0.7168552837023199 -0.1774569751244893 -0.3471956728993132
6.257822277847309 -0.6762589255608021 -0.6434088231174326 -0.20068183213605165 -0.3953352048102022
6.320400500625782 -0.7141617560058762 -0.5676678261674193 -0.22695960729894432 -0.44461847189607384
6.382978723404255 -0.7472794663690546 -0.49064596756029405 -0.2563339539421013 -0.4941527599719817
6.4455569461827285 -0.7755638193584155 -0.41336356493363635 -0.2887926278894015 -0.5430455457197433
6.508135168961202 -0.7990302521602483 -0.33683219383566715 -0.3242678817877114 -0.590418179993376
6.570713391739675 -0.8177568400155166 -0.26203994990495677 -0.3626377633338895 -0.6354188981743175
6.633291614518147 -0.8318823886252007 -0.1899371519161194 -0.4037281805504582 -0.6772353562095531
6.6958698372966206 -0.8416036087670339 -0.12142247064023444 -0.4473157761549873 -0.71510670135907
6.758448060075094 -0.8471715234016746 -0.05733039850883994 -0.4931314542128683 -0.7483343770174479
6.821026282853567 -0.8488870288475279 0.0015807209692307424 -0.5408646483569817 -0.7762923497286855
6.88360450563204 -0.8470958558062152 0.05463883864387732 -0.5901680807818389 -0.7984356547136865
6.9461827284105135 -0.842182825654053 0.10126760521192985 -0.6406631321514922 -0.8143082164020268
7.008760951188986 -0.8345656404275695 0.1409937805560567 -0.6919455784319176 -0.8235488477847184
7.071339173967459 -0.8246882260195133 0.17345324025287964 -0.7435916917664348 -0.8258959587423736
7.133917396745932 -0.8130137595519978 0.19839531293446572 -0.7951645817754016 -0.8211907485140599
7.196495619524406 -0.8000174923454761 0.21568529072072362 -0.8462206738020488 -0.8093787522801245
7.259073842302879 -0.7861794489443391 0.2253052979516053 -0.8963162567275964 -0.7905099143610267
7.321652065081351 -0.7719771337054948 0.22735332364937505 -0.9450139779902444 -0.7647370271381475
7.3842302878598245 -0.7578783451129065 0.22204062677782513 -0.9918892014804915 -0.7323127312646078
7.446808510638298 -0.7443342460854763 0.20968738114025054 -1.0365360923658014 -0.6935849725524357
7.509386733416771 -0.731772695296105 0.19071680948889036 -1.078573430625069 -0.6489911382334571
7.571964956195244 -0.7205920340684496 0.1656478007573244 -1.1176499791311734 -0.5990508854759875
7.6345431789737175 -0.7111554559228943 0.13508637543686197 -1.1534493018086287 -0.544357999349803
7.69712140175219 -0.7037855565412691 0.09971528170182717 -1.1856943732750904 -0.48557060247359063
7.759699624530663 -0.6987602297022917 0.06028343637779275 -1.2141509811419067 -0.4234013547241752
7.822277847309136 -0.6963087141175659 0.01759386779816922 -1.2386309553198374 -0.358606332044134
7.88485607008761 -0.6966086314910601 -0.027508849216304056 -1.2589944979941747 -0.29197354682039844
7.947434292866083 -0.6997837754446203 -0.07415168381778471 -1.2751518285994468 -0.22431107110661175
8.010012515644556 -0.7059027957625749 -0.12144653935828692 -1.2870640201588837 -0.15643497727049044
8.07259073842303 -0.7149786292547426 -0.16850372864159385 -1.2947431653286783 -0.08915727330501928
8.135168961201503 -0.7269688386477967 -0.2144453740867987 -1.298251731672541 -0.023273990597146334
8.197747183979976 -0.7417767683293776 -0.2584185058099127 -1.297701193231317 0.04044638227610906
8.260325406758447 -0.7592534435395879 -0.29960770957958305 -1.293250009120596 0.10127399512752008
8.32290362953692 -0.7792004762953589 -0.33724691304273613 -1.2851007173006979 0.15852786819670578
8.385481852315394 -0.8013733075287719 -0.3706305955687177 -1.2734967495670928 0.21158558110030656
8.448060075093867 -0.8254852911981413 -0.3991239585515697 -1.2587185147654203 0.25989195580240393
8.51063829787234 -0.8512126197755074 -0.4221716384405563 -1.241078759687122 0.30296636111086617
8.573216520650814 -0.8781993967424547 -0.43930554560477575 -1.220917827664749 0.3404092267922936
8.635794743429287 -0.9060633286939351 -0.4501511134650321 -1.198598397267899 0.3719070823274937
8.69837296620776 -0.9344019620059294 -0.4544322387748867 -1.1744997658397973 0.39723637918142557
8.760951188986233 -0.9627983118252308 -0.4519742553095265 -1.149012726681363 0.41626561745546525
8.823529411764707 -0.9908278657280819 -0.44270619964192676 -1.122533230320314 0.4289567143417281
8.88610763454318 -1.0180649377359339 -0.4266608618718812 -1.09545668266285 0.43536445972623156
8.948685857321651 -1.0440891213939367 -0.4039734743370483 -1.06817218718573 0.43563474944830954
9.011264080100124 -1.068491510201097 -0.37487894635855834 -1.0410570306048978 0.4300015452477715
9.073842302878598 -1.090881020742879 -0.33970747835142845 -1.0144711149466954 0.4187823818828586
9.136420525657071 -1.110890131838456 -0.29887880033530845 -0.988751946059768 0.4023727034242439
9.198998748435544 -1.1281801499569137 -0.2528953395870915 -0.9642100716204108 0.3812392901247406
9.261576971214017 -1.1424461932016334 -0.2023340574894498 -0.9411248025217858 0.3559125264166719
9.32415519399249 -1.1534215576020124 -0.14783733638584975 -0.9197405097615882 0.32697788052452986
9.386733416770964 -1.1608815281120772 -0.0901028798241043 -0.9002634413788713 0.2950665573594677
9.449311639549437 -1.1646464909614407 -0.029872993694404618 -0.8828591791914903 0.26084566529739905
9.51188986232791 -1.164584437529384 0.03207712303027106 -0.8676506626595049 0.22500755793964516
9.574468085106384 -1.1606125657840904 0.09495077922066923 -0.8547170131836488 0.18825953459461717
9.637046307884857 -1.1526982865564832 0.15794191589367146 -0.8440929068484466 0.15131295233764952
9.699624530663328 -1.140859425706916 0.22024706668570582 -0.8357686622538506 0.11487255904776714
9.762202753441802 -1.1251637155675824 0.28107711638202454 -0.8296909586977644 0.07962607267873405
9.824780976220275 -1.1057274990101915 0.33966927815255527 -0.8257642623156436 0.04623363946625052
9.887359198998748 -1.0827137520188477 0.39529765009027296 -0.8238528284333146 0.015318620717788892
9.949937421777221 -1.0563294435240589 0.44728386986516844 -0.8237832970043862 -0.012541645686882154
10.012515644555695 -1.0268222511002942 0.49500669715684886 -0.8253478381073608 -0.03682406891343726
10.075093867334168 -0.9944767225400273 0.5379107083369877 -0.828307770854769 -0.05706718652883535
10.137672090112641 -0.9596098995414631 0.5755139032524585 -0.8323976363512299 -0.07287752692127998
10.200250312891114 -0.922566491346152 0.6074141303740161 -0.8373296439090908 -0.08393487754833957
10.262828535669588 -0.8837137568804514 0.6332943684292697 -0.8427983497437722 -0.08999650779679404
10.32540675844806 -0.843436021751118 0.6529266204368418 -0.848485627980883 -0.09090012226508629
10.387984981226532 -0.8021290283867695 0.6661744581443492 -0.8540657576773507 -0.08656559687376209
10.450563204005006 -0.7601941525224294 0.6729941890432856 -0.8592105955046935 -0.07699547614485507
10.513141426783479 -0.7180326047616363 0.6734346392730051 -0.86359472779592 -0.06227423684683055
10.575719649561952 -0.6760396831027282 0.6676355605262122 -0.8669005432697237 -0.042566331411229986
10.638297872340425 -0.6345991692529122 0.6558246994879756 -0.8688231443986003 -0.018113054147631678
10.700876095118899 -0.5940779478718233 0.6383135863486902 -0.8690750281169076 0.010771711969495237
10.763454317897372 -0.5548209355671837 0.6154921448821707 -0.8673904607753185 0.043706768531224745
10.826032540675845 -0.517146335165019 0.5878221047885366 -0.8635295327117982 0.08024991063325203
10.888610763454318 -0.48134142019920445 0.5558295037957439 -0.8572817170241644 0.11990499635227916
10.951188986232792 -0.4476587552811902 0.5200962672915799 -0.8484690158174406 0.1621297964389513
11.013767209011265 -0.4163129647742314 0.48125097451145404 -0.8369485963649081 0.20634451659509798
11.076345431789736 -0.3874781360221264 0.43995904423843396 -0.8226148459877243 0.25194077682001487
11.13892365456821 -0.3612858443091857 0.39691262602755634 -0.8054008643830295 0.29829079440776296
11.201501877346683 -0.3378238648773066 0.35282041404368647 -0.7852793405236145 0.34475657116887654
11.264080100125156 -0.317135179046816 0.3083955907396459 -0.7622631166395814 0.39070071743255924
11.32665832290363 -0.29921842009257626 0.2643466944324612 -0.7364045445630047 0.4354945380734689
11.389236545682103 -0.2840282857943554 0.22136633749289142 -0.7077948132447898 0.4785280345057745
11.451814768460576 -0.2714768864225057 0.18012123469635893 -0.6765624747439042 0.5192186522647801
11.514392991239049 -0.2614356714011896 0.14124250231627974 -0.6428714594528017 0.5570197328619542
11.576971214017522 -0.25373791327544937 0.10531649405825014 -0.6069186065791387 0.5914284350333642
11.639549436795996 -0.24818189361109716 0.07287667638038274 -0.568930592973555 0.6219926642386491
11.702127659574469 -0.24453431618592253 0.04439604034429641 -0.5291606721228765 0.6483175029159837
11.764705882352942 -0.24253435392947717 0.020280658166689246 -0.4878848750990424 0.6700705615935534
11.827284105131413 -0.24189800118948213 0.0008642502432869882 -0.4453979636767491 0.6869864013347329
11.889862327909887 -0.24232275595909114 -0.01359607199555049 -0.40200911771495507 0.6988698779244572
11.95244055068836 -0.2434925028730728 -0.022922950984330254 -0.3580374707193052 0.7055984765807588
12.015018773466833 -0.24508257759184762 -0.027020662497569983 -0.31380751472719237 0.7071235025905132
12.077596996245306 -0.24676489879505817 -0.0258757813638402 -0.26964447495449145 0.7034701845830985
12.14017521902378 -0.24821310785475093 -0.019556595732908647 -0.22586970873557177 0.6947366625099491
12.202753441802253 -0.2491076333956424 -0.008211341054712093 -0.18279620102251684 0.6810919314864888
12.265331664580726 -0.2491406109413435 0.007934759838214199 -0.14072421921127265 0.6627727359334113
12.3279098873592 -0.24802057073146455 0.02858370747635704 -0.09993720644766306 0.6400793714770567
12.390488110137673 -0.24547683727740077 0.053369650038805956 -0.06069795052127056 0.6133708784285177
12.453066332916146 -0.24126359630938415 0.08186515942962086 -0.023245083924667155 0.5830590625568154
12.515644555694617 -0.2351635289730207 0.11358811473706398 0.012210013879301217 0.549602015550598
12.57822277847309 -0.2269909975411442 0.1480094489600769 0.045485891498999335 0.5134969087357741
12.640801001251564 -0.2165947257179471 0.18456149828234045 0.07643323351699643 0.47527229759473105
12.703379224030037 -0.2038599360789743 0.22264684203725166 0.10493657049055245 0.43548004021407477
12.76595744680851 -0.18870993271172726 0.26164755656476907 0.1309154822640381 0.3946868991769075
12.828535669586984 -0.17110708095855195 0.3009346192816206 0.1543252580523989 0.3534660662359333
12.891113892365457 -0.1510532090519501 0.3398774527960716 0.17515703571070573 0.31238861649420974
12.95369211514393 -0.12858940741035024 0.3778533941003129 0.19343740379361946 0.2720150858086544
13.016270337922403 -0.10379524023837357 0.41425694222526943 0.20922748309263123 0.2328873006089512
13.078848560700877 -0.07678739358512644 0.44850868338824934 0.22262151172137157 0.19552054778270953
13.14142678347935 -0.0477177738738906 0.48006376037265264 0.23374494954529138 0.1603962019864134
13.204005006257823 -0.016771093015705698 0.5084197430568737 0.24275213775071808 0.12795493441420072
13.266583229036295 0.0158380114178112 0.5331237822388151 0.24982355978290563 0.0985906034282138
13.329161451814768 0.04986828144438614 0.5537789783242723 0.25516274066232775 0.07264488428313515
13.391739674593241 0.08505551564370621 0.5700498567616769 0.2589928353411195 0.050402729188164096
13.454317897371714 0.12111656549322393 0.5816668984193338 0.2615529541819509 0.032088698926471586
13.516896120150188 0.15775357148613678 0.5884300105753051 0.26309429951224933 0.01786426037958791
13.57947434292866 0.19465839271451496 0.5902109697549939 0.2638761538975308 0.007826017794518504
13.642052565707134 0.23151714961157224 0.5869547482857161 0.26416179409220564 0.002004948742445468
13.704630788485607 0.2680148185257558 0.5786797563693503 0.2642143847170078 0.00036661069588596665
13.76720901126408 0.3038398068891835 0.5654769796976635 0.264292915842457 0.0028123293295775347
13.829787234042554 0.33868843944387667 0.5475080485020051 0.26464824576681223 0.009181330059645824
13.892365456821027 0.3722692917616238 0.5250022680897302 0.26551930526179707 0.01925378007033703
13.954943679599499 0.404307291968894 0.49825269708205494 0.2671295318506193 0.03275465669433795
14.017521902377972 0.43454760198839676 0.46761124774202595 0.269683524735029 0.049358465830727345
14.080100125156445 0.46275908589760445 0.43348302665991423 0.2733640868478175 0.06869459829387452
14.142678347934918 0.48873746086491193 0.3963198914801127 0.2783295694737091 0.09035335439726534
14.205256570713392 0.5123080013207117 0.35661337374889085 0.2847116312756122 0.11389249116886029
14.267834793491865 0.5333277817594189 0.3148870959763782 0.2926134216780257 0.13884417673085675
14.330413016270338 0.551687452752386 0.27168859915675037 0.30210819553189283 0.16472242573107626
14.392991239048811 0.5673123709717225 0.2275818946935022 0.31323848685842864 0.19102983015360886
14.455569461827285 0.5801636498190894 0.18313739470065266 0.3260154178650224 0.21726661470503594
14.518147684605758 0.5902379744434496 0.1389248622412371 0.3404190372352447 0.24293689038727054
14.580725907384231 0.59756745661503 0.09550443226356685 0.3563986702186046 0.26755662768136357
14.643304130162702 0.6022187544821063 0.05341852916404383 0.373873903203552 0.2906607630754055
14.705882352941176 0.6042917044339449 0.013184038739249337 0.39273599773179313 0.31181003329654194
14.768460575719649 0.6039175271910578 -0.024715160961483035 0.41284967587543236 0.330597450083929
14.831038798498122 0.6012564444341779 -0.05983488632125609 0.43405541278651755 0.3466540229721818
14.893617021276595 0.5964951152029321 -0.09177693853498438 0.45617188036989376 0.359654112314502
14.956195244055069 0.589843520262557 -0.12019449437904756 0.47899886171957057 0.3693199295445083
15.018773466833542 0.5815316198311214 -0.1447967424751705 0.5023203492651522 0.3754253443861936
15.081351689612015 0.5718057167555964 -0.16535262110665505 0.5259078836899231 0.37779886448714484
15.143929912390488 0.5609246259239391 -0.18169363136211997 0.5495240429130539 0.3763257735832377
15.206508135168962 0.5491557084398282 -0.19371578063950337 0.5729260302066314 0.37094948268848427
15.269086357947435 0.5367707814033612 -0.2013803986374253 0.5958693453091276 0.3616718657346867
15.331664580725908 0.5240420386923914 -0.20471407279108578 0.6181114236962365 0.34855281225309287
15.39424280350438 0.5112379922562391 -0.2038075743968218 0.6394152322731774 0.3317088833608471
15.456821026282853 0.49861951637619495 -0.1988138734012686 0.6595527502186118 0.31131116603633263
15.519399249061326 0.48643604128354495 -0.18994522471339756 0.6783082930738031 0.28758231478487817
15.5819774718398 0.47492199252171335 -0.17746929591213423 0.6954815931297582 0.2607927629412978
15.644555694618273 0.4642933217279621 -0.16170504335199629 0.7108907917738371 0.2312567185642353
15.707133917396746 0.4547446251237433 -0.1430170382464346 0.7243748675200902 0.19932683559769837
15.76971214017522 0.4464464323111677 -0.12180897630568176 0.7357958913481877 0.1653881741418525
15.832290362953692 0.4395429082198283 -0.09851860889695052 0.745040947998895 0.1298534652873779
15.894868585732166 0.4341499691389544 -0.07361003351762507 0.7520236209615657 0.09315606381580055
15.957446808510639 0.430353833096841 -0.04756623192157918 0.7566850950934906 0.055743162330763416
16.020025031289112 0.42821010311648205 -0.020882372522894373 0.7589948016111072 0.018069736092177154
16.082603254067585 0.4277432092798837 0.005942314934216767 0.7589507065056125 -0.01940874952882825
16.14518147684606 0.4289464066430952 0.03241186134711077 0.7565791216150711 -0.05624286387600521
16.207759699624532 0.43178221694503627 0.05804090534259499 0.7519341179726713 -0.09199571631716494
16.270337922403005 0.4361833012407558 0.0823620595133226 0.7450965531072719 -0.12624943794019214
16.33291614518148 0.44205382032674856 0.10493262295561147 0.7361726780343469 -0.15861103513016986
16.39549436795995 0.4492711687605162 0.12534108970711766 0.7252924149670391 -0.18871802611362815
16.45807259073842 0.457688123950188 0.1432130143465501 0.7126072794725617 -0.2162434658808768
16.520650813516895 0.46713532889043347 0.15821632607494082 0.6982880176307394 -0.24090044845122602
16.583229036295368 0.47742409389343915 0.17006593283154192 0.6825219751991993 -0.2624459467602341
16.64580725907384 0.4883494711676022 0.17852759422632808 0.6655102405687534 -0.2806839756043197
16.708385481852314 0.49969351462526496 0.18342103953380942 0.6474646404676809 -0.2954680647374209
16.770963704630788 0.5112287485211814 0.18462218381747314 0.6286045708813445 -0.30670290902069436
16.83354192740926 0.5227217314077411 0.18206451352324407 0.6091537629761085 -0.3143452698461771
16.896120150187734 0.5339366768819648 0.17573961330309854 0.5893370191677304 -0.3184041062999168
16.958698372966207 0.5446390824914936 0.16569681135624895 0.5693769633756611 -0.31893992039948516
17.02127659574468 0.5545992988968537 0.1520418949486145 0.5494908673627724 -0.31606327972396503
17.083854818523154 0.5635960464257509 0.1349354209847369 0.529887533985983 -0.3099329842831202
17.146433041301627 0.5714196910663858 0.1145894058711105 0.5107644350495983 -0.30075281234681905
17.2090112640801 0.5778754408986447 0.09126363465367104 0.492304929580643 -0.28876793461546213
17.271589486858574 0.5827860841144725 0.06526220214736837 0.47467588634669844 -0.2742615780265084
17.334167709637047 0.5859947265909806 0.03692784339923849 0.4580253606260588 -0.25754972047369323
17.39674593241552 0.5873670010476156 0.006636795974367685 0.4424807304901689 -0.23897630876539216
17.459324155193993 0.5867929561343117 -0.025206970287660124 0.4281471346750155 -0.21890794315292722
17.521902377972467 0.584188650258636 -0.058178210483420666 0.41510619118839687 -0.1977279776091596
17.58448060075094 0.5794972352538721 -0.09183672745984872 0.4034151687282238 -0.17583078755190912
17.647058823529413 0.5726897053106202 -0.1257341046945436 0.3931064673854379 -0.15361570363889998
17.709637046307886 0.5637652054222066 -0.15942044539138564 0.3841874932976187 -0.13148098121535823
17.77221526908636 0.5527508972601447 -0.19245101491599015 0.37664092659901366 -0.10981789722018673
17.834793491864833 0.5397014450543549 -0.22439283151931264 0.37042532783223875 -0.089004928648412
17.897371714643302 0.5246980754547599 -0.25483099210304033 0.36547611874612723 -0.0694022067909009
17.959949937421776 0.5078472498570881 -0.2833746529594896 0.36170690112281695 -0.05134631493979412
18.02252816020025 0.4892789969085175 -0.30966260058535905 0.3590110693884508 -0.03514548287523474
18.085106382978722 0.4691448825615187 -0.3333683957481575 0.3572637368302155 -0.02107519523797437
18.147684605757195 0.447615690003109 -0.35420487120217004 0.3563239053915137 -0.00937440255845182
18.21026282853567 0.42487885047725216 -0.3719280441443774 0.3560368438732173 -0.0002422766902351629
18.272841051314142 0.40113560423584205 -0.3863403982792196 0.3562366919991854 0.006164447212901603
18.335419274092615 0.3765980601633 -0.397293308597813 0.35674913413039117 0.009733355943619446
18.39799749687109 0.35148603101114567 -0.404688902521933 0.357394259821541 0.010397720659924494
18.46057571964956 0.3260238434580942 -0.40848100621811306 0.3579894245493176 0.00813704243033971
18.523153942428035 0.3004370882320247 -0.40867537409002463 0.3583521465340089 0.0029769539710628222
18.585732165206508 0.27494938197752977 -0.4053291420536679 0.3583029741254129 -0.005011568589949836
18.64831038798498 0.24977919139963214 -0.3985495022496138 0.35766827853010774 -0.01571368126929186
18.710888610763455 0.22513676042541994 -0.38849166997671336 0.35628293719975124 -0.02897276824830719
18.773466833541928 0.20122118684193135 -0.3753561366169331 0.35399286620104525 -0.04459315954572808
18.8360450563204 0.17821769179937622 -0.3593852839502999 0.3506573646362841 -0.06234339912923677
18.898623279098874 0.1562951252975877 -0.340859404651737 0.34615123367533196 -0.08196001953255849
18.961201501877348 0.1356037290398547 -0.32009219267633593 0.34036665264860577 -0.10315176424431564
19.02377972465582 0.11627318308730145 -0.2974258085277466 0.33321479114734454 -0.12560416189904414
19.086357947434294 0.09841101023367857 -0.2732255010944528 0.3246270906355198 -0.1489844616188583
19.148936170212767 0.08210130227476564 -0.24787398653070047 0.3145562524942285 -0.17294675437729579
19.21151439299124 0.06740380670780352 -0.22176560849227703 0.30297689866736827 -0.19713725510932753
19.274092615769714 0.054353384931679405 -0.195300377030184 0.28988589740794607 -0.22119965788398896
19.336670838548184 0.04295984497062473 -0.16887797783764025 0.27530235367954276 -0.24478048220617415
19.399249061326657 0.03320814733103569 -0.14289184057933674 0.259267267641026 -0.26753433156943823
19.46182728410513 0.025058977708795317 -0.11772335426640099 0.2418428689981002 -0.28912898652241903
19.524405506883603 0.01844968146291996 -0.09373632204619053 0.22311163404671971 -0.30925025047431015
19.586983729662077 0.013295523800139864 -0.07127172093811342 0.20317501924493955 -0.32760649327879193
19.64956195244055 0.009491236405432184 -0.05064282782595195 0.18215194792029957 -0.3439328416941015
19.712140175219023 0.006913045950115885 -0.0321308945838044 0.16017688002343192 -0.3579948354665415
19.774718397997496 0.005420549613026453 -0.01598122360601611 0.13739802850125696 -0.3695917412538794
19.83729662077597 0.004859283755894141 -0.002399863633509312 0.11397497174086235 -0.37855924889627224
19.899874843554443 0.005063162331747151 0.008449058160909616 0.09007639820304025 -0.3847716133500459
19.962453066332916 0.005857200366318996 0.016445387142569646 0.06587761167788796 -0.3881432203741874
20.02503128911139 0.007060309923165436 0.021514300620472042 0.0415579889963077 -0.38862952952314367
20.087609511889863 0.008488154056831952 0.02362698127385712 0.017298403024877146 -0.3862274007841677
20.150187734668336 0.009956037584861894 0.022800605488285785 -0.006721370138639115 -0.38097480763766023
20.21276595744681 0.011281759586116026 0.01909763550520902 -0.030325192361686116 -0.3729499337187594
20.275344180225282 0.01228841285414778 0.012624452967781943 -0.053343040777440655 -0.3622696879378201
20.337922403003756 0.012807069554245182 0.0035293415050304073 -0.07561336706002164 -0.34908765057480556
20.40050062578223 0.012679326188152904 -0.008000131418308234 -0.09698531585865292 -0.33359149760479145
20.463078848560702 0.011759663602530895 -0.021740297898737986 -0.11732076368577744 -0.3159999390172901
20.525657071339175 0.009917594437074186 -0.03743508190714419 -0.13649615496099632 -0.29655922388786354
20.58823529411765 0.007039563026569879 -0.05480014185849315 -0.15440410537023533 -0.2755392677282871
20.65081351689612 0.0030305746082228305 -0.07352739729467747 -0.17095475346681077 -0.2532294631935936
20.713391739674595 -0.0021844691985025834 -0.09328986917539682 -0.18607684165182378 -0.22993423909779562
20.775969962453065 -0.008659745629910273 -0.11374675863228097 -0.19971851318769474 -0.20596843625415695
20.838548185231538 -0.01642780923579008 -0.13454868641845064 -0.21184781597628716 -0.18165257057010128
20.90112640801001 -0.02549922122836041 -0.1553430135913442 -0.22245290819337302 -0.15730805488204028
20.963704630788484 -0.03586251202304935 -0.17577916342060423 -0.231541965686892 -0.13325245099719052
21.026282853566958 -0.0474844758445607 -0.19551386493959513 -0.2391427940988865 -0.10979482270757672
21.08886107634543 -0.060310786933927586 -0.21421624123047983 -0.2453021569581337 -0.08723125728546674
21.151439299123904 -0.07426693143941097 -0.23157266620707714 -0.25008482689982564 -0.06584062279633313
21.214017521902377 -0.08925942497549696 -0.24729132696115405 -0.2535723884069975 -0.04588061445645493
21.27659574468085 -0.10517731498390592 -0.2611064145773762 -0.2558617947214601 -0.027584158611282154
21.339173967459324 -0.12189392925952477 -0.2727818917597839 -0.257063714751123 -0.011156216709522786
21.401752190237797 -0.1392688431333801 -0.28211478576183563 -0.2573006958324582 0.0032289674391011193
21.46433041301627 -0.1571500375019939 -0.28893795998929356 -0.25670516835431845 0.01543013820595206
21.526908635794744 -0.17537621646715154 -0.2931223171575005 -0.255417321322698 0.025340777455770597
21.589486858573217 -0.19377924240017586 -0.29457841968649245 -0.25358288694599224 0.03289032383978356
21.65206508135169 -0.2121866467795627 -0.29325752710217484 -0.25135087149519547 0.03804486577271644
21.714643304130163 -0.23042419611350004 -0.2891519941698848 -0.24887125228918178 0.04080725991829761
21.777221526908637 -0.24831846063337923 -0.28229505799460064 -0.2462926869081962 0.041216705237927476
21.83979974968711 -0.2656993503092069 -0.27276002018862533 -0.2437602661769719 0.03934778136098452
21.902377972465583 -0.28240258092702525 -0.2606588424706993 -0.24141334378063303 0.03530897112592756
21.964956195244056 -0.2982720333257971 -0.24614017625289927 -0.2393834750019004 0.029240689059709543
22.02753441802253 -0.31316197597157935 -0.22938686319763255 -0.23779249033922573 0.02131285152806075
22.090112640801003 -0.3269391135807127 -0.21061294702263345 -0.23675073635535876 0.011722027922393269
22.152690863579473 -0.33948442754822905 -0.19006026154108976 -0.23635551278616715 0.0006882339475170153
22.215269086357946 -0.3506947998963472 -0.16799464328085278 -0.23668971213540693 -0.01154858913513113
22.27784730913642 -0.3604844139492686 -0.14470172106391027 -0.2378206689503412 -0.024732450998408866
22.340425531914892 -0.3687858168341429 -0.12048262008213168 -0.2397993133367996 -0.03859523340179375
22.403003754693366 -0.3755507666148924 -0.09564934310889127 -0.24265952462581875 -0.052860878527682946
22.46558197747184 -0.3807507689281694 -0.07052007133382802 -0.24641776436765614 -0.06724961988759096
22.528160200250312 -0.3843773055443472 -0.045414415825278935 -0.2510729857551741 -0.08148222833491608
22.590738423028785 -0.38644191618612117 -0.0206486107779871 -0.2566066779160405 -0.0952842957096542
22.65331664580726 -0.38697533511511417 0.003468859528463819 -0.2629837319613836 -0.10839004606076666
22.715894868585732 -0.386027541652932 0.026642029964433135 -0.2701525225631289 -0.12054658107476102
22.778473091364205 -0.38366646101932184 0.048591583119383594 -0.27804615944503774 -0.1315174323189837
22.84105131414268 -0.37997690877392964 0.06905886449712317 -0.28658352785886704 -0.1410860336385377
22.90362953692115 -0.37505911403738335 0.08780946483217814 -0.29567069106138655 -0.14905876934862916
22.966207759699625 -0.36902712577736707 0.10463645326769892 -0.30520239053681575 -0.15526770024545208
23.028785982478098 -0.36200701085267145 0.11936319101777094 -0.31506372151279216 -0.15957289662754362
23.09136420525657 -0.35413487452866554 0.13184564306383592 -0.3251319543560464 -0.16186430781684524
23.153942428035045 -0.3455547707527946 0.14197417697244927 -0.3352784418539285 -0.162063164711859
23.216520650813518 -0.33641656343334775 0.14967483174718332 -0.34537055719276505 -0.1601229059584483
23.27909887359199 -0.32687347946620204 0.1549101956862271 -0.35527389713582624 -0.15602972677203195
23.341677096370464 -0.31708002880234026 0.15767939327520555 -0.3648541359775986 -0.1498023695159525
23.404255319148938 -0.30718961839134756 0.15801786306543145 -0.37397914707079993 -0.1414916990167316
23.46683354192741 -0.2973523282028148 0.15599642282615953 -0.3825209620588539 -0.13117965872295553
23.529411764705884 -0.2877127224462143 0.15171988453387872 -0.3903576873807678 -0.11897782937937329
23.591989987484354 -0.27840779308724345 0.14532511425284664 -0.3973752886966189 -0.10502550592210694
23.654568210262827 -0.26956504042980634 0.1369787223475168 -0.403469243617097 -0.08948745817768146
23.7171464330413 -0.2613006744355967 0.12687426386380354 -0.408546074159792 -0.07255126677438031
23.779724655819773 -0.2537180280231096 0.1152290622046442 -0.41252468034555584 -0.05442434364218156
23.842302878598247 -0.24690621496066315 0.10228085247061969 -0.4153374508038107 -0.035330815063669446
23.90488110137672 -0.24093884556674156 0.088283741690854 -0.41693130391719563 -0.015507801725947915
23.967459324155193 -0.23587327187072912 0.07350449289012415 -0.41726826470055234 0.004797962648343279
24.030037546933666 -0.23174986725590643 0.05821837155494758 -0.4163259991696313 0.025333899267880006
24.09261576971214 -0.22859161738056274 0.042704894889153404 -0.41409806798411125 0.04584540941524676
24.155193992490613 -0.22640398998081132 0.027243622138137396 -0.4105939318359102 0.06607963667252553
24.217772215269086 -0.22517506944341886 0.012109967193580162 -0.40583872048294567 0.08578918435326881
24.28035043804756 -0.22487593767306255 -0.002428897371594788 -0.39987278375115304 0.10473572827143808
24.342928660826033 -0.22546132496984211 -0.016117956858645997 -0.3927510054597971 0.12269344427183654
24.405506883604506 -0.22687048169352192 -0.028718085099099573 -0.38454192440433616 0.13945224938461284
24.46808510638298 -0.2290282723539228 -0.04000944767302692 -0.37532666456304936 0.15482073038141214
24.530663329161452 -0.23184649777219787 -0.04979466696222602 -0.36519766699061207 0.168628838736338
24.593241551939926 -0.235225390036597 -0.057901564461243824 -0.3542572776656671 0.18073019278500985
24.6558197747184 -0.23905520677902353 -0.06418544974012708 -0.3426162578748268 0.19100396673498288
24.718397997496872 -0.2432181504072533 -0.06853125263925312 -0.33039200691603715 0.1993566094988792
24.780976220275345 -0.24759012814009146 -0.07085473864296098 -0.31770695105977764 0.20572276185416924
24.84355444305382 -0.2520427911702761 -0.071103642348861 -0.3046866837485034 0.21006607442780476
24.906132665832292 -0.2564454975673817 -0.06925813236362027 -0.29145819103172466 0.2123794373382313
24.968710888610765 -0.2606674400320081 -0.06533086264542827 -0.27814793913394525 0.21268482598864863
25.031289111389235 -0.2645795673107417 -0.05936645802182815 -0.26488016114859203 0.21103266226579276
25.093867334167708 -0.2680566079531093 -0.051440614486410685 -0.2517750610903997 0.20750082299477923
25.15644555694618 -0.27097896426334506 -0.04165869229957557 -0.23894714669005696 0.20219320881931346
25.219023779724655 -0.2732345136607287 -0.030153891974081255 -0.22650365518048146 0.19523795023939708
25.281602002503128 -0.27472029094523404 -0.01708501186185065 -0.214543095794513 0.18678525214653371
25.3441802252816 -0.27534396387496907 -0.002633952404642309 -0.20315398361848058 0.17700503210676122
25.406758448060074 -0.27502530296796746 0.012997364707746737 -0.19241359209852318 0.16608403799435617
25.469336670838548 -0.2736971972457444 0.029590008982038084 -0.18238711118013556 0.15422306917507922
25.53191489361702 -0.27130670741694446 0.046911535501166904 -0.1731267826812971 0.14163376484729068
25.594493116395494 -0.26781576162418924 0.06471953280864158 -0.16467135720828205 0.12853537824621353
25.657071339173967 -0.2632016759446577 0.08276532610738827 -0.15704571139049417 0.11515142889995168
25.71964956195244 -0.2574574265086823 0.10079773197670289 -0.15026068855455843 0.10170633224918788
25.782227784730914 -0.2505916836148353 0.1185668383543665 -0.1443131528082818 0.08842202902438928
25.844806007509387 -0.24262862132561663 0.1358276732634436 -0.13918624131718899 0.07551473472190218
25.90738423028786 -0.2336075007630742 0.15234378947343233 -0.13484981686574407 0.06319178510481469
25.969962453066334 -0.22358201892671364 0.16789077253204251 -0.1312611280564646 0.05164857184534775
26.032540675844807 -0.21261945054195702 0.1822594619339638 -0.12836564776204443 0.04106575300736046
26.09511889862328 -0.20079961706905528 0.19525887059145472 -0.12609805889791698 0.03160674837498318
26.157697121401753 -0.18821366919920646 0.20671889051866005 -0.12438340159648467 0.023415442563654004
26.220275344180227 -0.17496260887973308 0.21649289953271222 -0.12313845029178125 0.016614000518139
26.2828535669587 -0.16115590923343007 0.22445920047534218 -0.12227297669558929 0.011301713811315985
26.345431789737173 -0.14690979522196226 0.23052307082735274 -0.12169132876361582 0.007553334687440618
26.408010012515646 -0.13234555620019833 0.2346177376906441 -0.12129395644249305 0.005418364312027899
26.470588235294116 -0.1175877621397612 0.23670517970344682 -0.12097901880182435 0.0049205040070507255
26.53316645807259 -0.10276245387954118 0.23677643215135993 -0.12064400245315388 0.006057551293847244
26.595744680851062 -0.08799532601196226 0.23485147581457821 -0.12018733642486362 0.008801667247867365
26.658322903629536 -0.0734099296438125 0.23097866301248776 -0.1195099780407008 0.013100054050310976
26.72090112640801 -0.05912592704589005 0.22523378099008534 -0.11851694361501085 0.018875950567296865
26.783479349186482 -0.045257413881753826 0.21771867583306434 -0.11711876808188611 0.0260300128722305
26.846057571964955 -0.0319113417886521 0.20855951375293694 -0.11523286613376799 0.034442008217193155
26.90863579474343 -0.019186059543801846 0.19790469438953215 -0.11278477893341236 0.043972807698358624
26.971214017521902 -0.007169995487285094 0.18592245521497977 -0.1097092870940633 0.05446664068402553
27.033792240300375 0.004059501824771144 0.17279820099242513 -0.1059513755893681 0.06575357917834287
27.09637046307885 0.0144371481426079 0.15873160291542787 -0.10146703685592921 0.07765221082540506
27.15894868585732 0.023910520113253744 0.14393351421286601 -0.09622390152159455 0.08997245766344328
27.221526908635795 0.03244065608568967 0.12862273952973752 -0.0902016906566109 0.10251850666858967
27.284105131414268 0.04000244932493497 0.11302272626236949 -0.0833924806706667 0.11509179027003025
27.34668335419274 0.04658483365281395 0.09735820835682793 -0.07580078162217775 0.12749398967156844
27.409261576971215 0.052190759504010004 0.08185186825463588 -0.0674434287574901 0.139530002302185
27.471839799749688 0.05683696229971131 0.06672106072776557 -0.058349290056807265 0.1510108346242223
27.53441802252816 0.06055352947857058 0.0521746369652348 -0.04855879639849349 0.16175638673495002
27.596996245306634 0.06338327240065691 0.0384099284705558 -0.038123301363839485 0.17159807631073082
27.659574468085108 0.0653809170578108 0.025609939639706363 -0.027104284341245375 0.18038125968655067
27.72215269086358 0.06661212582747592 0.013940766927919249 -0.015572408310863773 0.18796743527418835
27.784730913642054 0.06715236482048735 0.0035492961778816265 -0.0036064465869225237 0.19423618476310062
27.847309136420527 0.0670856369786224 -0.005438789983121171 0.008707902677269935 0.19908682558565205
27.909887359198997 0.0665031045746259 -0.012920667416338464 0.021279292404436163 0.20243975259481786
27.97246558197747 0.06550161391797923 -0.01881767904581138 0.03401208125128147 0.2042374618148453
28.035043804755944 0.06418215126762018 -0.023076266124114484 0.04680774032781935 0.20444523173372847
28.097622027534417 0.06264825291751627 -0.025668516469581175 0.059566291304515746 0.2030514592026424
28.16020025031289 0.06100439685600329 -0.02659232574247905 0.07218775131237573 0.20006764901623195
28.222778473091363 0.059354388894329 -0.025871176007336523 0.08457357321100568 0.19552806216806803
28.285356695869837 0.057799777519505206 -0.023553530513963975 0.0966280505721128 0.18948902505082965
28.34793491864831 0.05643832387232184 -0.019711864160642634 0.10825966425274784 0.182027919415144
28.410513141426783 0.055362535853909475 -0.01444134588152602 0.11938236290785906 0.1732418683970698
28.473091364205256 0.05465829648409284 -0.00785819108086929 0.12991675095543948 0.1632461375841898
28.53566958698373 0.05440360743899083 -9.77166253140517e-05 0.13979116608281988 0.15217228203903105
28.598247809762203 0.054667463356629455 0.008687866903690207 0.14894263320949463 0.14016607164788591
28.660826032540676 0.05550886696856816 0.01833190393185632 0.1573176864490206 0.1273852151230716
28.72340425531915 0.056976010361150346 0.02865592088230403 0.1648730379886688 0.1139969408778192
28.785982478097623 0.059105618607705336 0.039472423928085316 0.17157609743039334 0.10017544110548667
28.848560700876096 0.061922476349533496 0.050587794578845977 0.17740532498926018 0.0860992459409632
28.91113892365457 0.06543913805166413 0.0618052534370025 0.18235041862752116 0.07194855419033593
28.973717146433042 0.06965582271836837 0.0729278439266624 0.18641233560992346 0.05790256362320507
29.036295369211516 0.07456050316959567 0.08376138870561094 0.18960314060232328 0.04413684389105222
29.09887359198999 0.08012914899691578 0.09411738868600095 0.19194571763883284 0.030820775009320834
29.161451814768462 0.08632619235920573 0.10381580109619305 0.1934732856175154 0.018115114518305893
29.224030037546935 0.09310513154782943 0.1126876690525874 0.19422879412999158 0.00616970984051927
29.286608260325405 0.10040930283220122 0.12057756397901706 0.19426417326168757 -0.004878606864126377
29.34918648310388 0.10817279798161318 0.1273458042918257 0.19363945847874323 -0.014907910891349987
29.41176470588235 0.1163215108923206 0.1328704220664148 0.19242180611499815 -0.023812840601739743
29.474342928660825 0.12477430064637955 0.13704884918015756 0.19068441148971832 -0.031505992250738454
29.536921151439298 0.13344425853690375 0.13979926824785988 0.18850534213014505 -0.03791900650859506
29.59949937421777 0.14224002876451505 0.14106170071830604 0.18596632934040203 -0.04300341584867194
29.662077596996244 0.15106720608517818 0.14079871617916068 0.18315150008845357 -0.04673114734541278
29.724655819774718 0.15982975873628738 0.13899581394187513 0.18014609419836006 -0.04909473122183381
29.78723404255319 0.16843146700711792 0.1356614566403352 0.17703517594843113 -0.05010719800023393
29.849812265331664 0.1767773495350754 0.1308267423515301 0.17390236536190623 -0.04980165485951676
29.912390488110137 0.18477506274768396 0.12454478408415222 0.1708286005655349 -0.04823060388361629
29.97496871088861 0.19233626368872717 0.11688989830583842 0.16789093748566147 -0.04546509366664051
30.037546933667084 0.19937787520083763 0.10795594830076989 0.16516145722146064 -0.04159312733869917
30.100125156445557 0.20582328689588952 0.0978550653695792 0.16270622169887192 -0.03671841313045362
30.16270337922403 0.21160339896981747 0.08671593398440136 0.1605843803225728 -0.030958741316338263
30.225281602002504 0.21665765288321084 0.07468148068913133 0.15884730273263042 -0.02444383133774931
30.287859824780977 0.22093481807413373 0.061906812417381524 0.15753792358955723 -0.017313423929064577
30.35043804755945 0.22439368059980128 0.04855681490349821 0.15669018320235062 -0.009715079697372302
30.413016270337923 0.22700359707204795 0.034803545676036406 0.15632859349600658 -0.0018018073682369504
30.475594493116397 0.22874484089812916 0.02082371099548455 0.15646798751419608 0.006270213762998321
30.53817271589487 0.22960881875743241 0.006795983786853331 0.15711338871181676 0.0143440408481975
30.600750938673343 0.2295981164016134 -0.00710166823855783 0.1582600324797376 0.022264349460138423
30.663329161451816 0.22872636090160064 -0.020694573097971125 0.1598935496687329 0.029879725934115378
30.725907384230286 0.2270179415662628 -0.033813924886701305 0.16199027586452105 0.03704492854009317
30.78848560700876 0.22450756494524207 -0.04629922629872085 0.16451770575835656 0.04362301930275417
30.851063829787233 0.2212396587909308 -0.058000572449055474 0.16743507856001458 0.04948734037793197
30.913642052565706 0.21726764646873375 -0.06878077303482596 0.1706940751705844 0.054523334365046264
30.97622027534418 0.21265308916263553 -0.07851726250623406 0.1742396282549445 0.05863016348921804
31.038798498122652 0.2074647102296443 -0.08710378386814259 0.17801083203065293 0.061722116196508
31.101376720901126 0.201777338782747 -0.09445179375241346 0.18194191734521298 0.06372975801881557
31.1639549436796 0.19567076209997164 -0.10049158714943245 0.1859633013012948 0.0646008242964223
31.226533166458072 0.18922851328513543 -0.10517319166822252 0.1900026890293369 0.06430090164769611
31.289111389236545 0.18253662346481594 -0.1084668795292195 0.19398619771317976 0.06281376576430601
31.35168961201502 0.1756823413003987 -0.11036342951206883 0.1978395036234253 0.060141493534795885
31.414267834793492 0.1687528524287553 -0.11087406223072675 0.20148898113050703 0.05630428432365509
31.476846057571965 0.16183400824934868 -0.11003007284932567 0.2048628258690541 0.05134001276288438
31.53942428035044 0.15500909124955087 -0.10788216761945599 0.2078921379054727 0.045303521291559574
31.60200250312891 0.14835762726662574 -0.10449951500978885 0.2105119558793965 0.0382656630115583
31.664580725907385 0.1419542668070895 -0.09996854774002796 0.2126622232380358 0.030312129272143065
31.727158948685858 0.1358677485631693 -0.09439149855081659 0.2142886743980118 0.021542047929017264
31.78973717146433 0.1301599633436668 -0.08788471957611785 0.21534362577600105 0.012066398394409381
31.852315394242805 0.12488512626094789 -0.08057682148742148 0.21578666556913542 0.0020062764229340675
31.914893617021278 0.12008907458455217 -0.07260663061065191 0.21558522667938698 -0.008508991333923197
31.97747183979975 0.11580869420129017 -0.06412101041153027 0.21471504129547841 -0.01934384141372916
32.040050062578224 0.11207148767284018 -0.05527260637730708 0.2131604669732839 -0.030358522485835863
32.102628285356694 0.10889528529512998 -0.046217500549475925 0.21091468262279392 -0.041411211259270914
32.16520650813517 0.10628810358955953 -0.03711284337158844 0.20797975210760875 -0.05236013468576222
32.22778473091364 0.10424815382782447 -0.028114509790942283 0.20436655428883604 -0.06306565641537681
32.29036295369212 0.10276399301546003 -0.01937476844587604 0.2000945860106733 -0.07339233816147066
32.35294117647059 0.10181482184131598 -0.011040036504470534 0.1951916357873142 -0.08321091093296533
32.415519399249064 0.1013709166021341 -0.0032487582155262106 0.18969334074428118 -0.09240012346166014
32.47809762202753 0.10139419157221327 0.003870602695782742 0.18364262972748543 -0.10084847694317504
32.54067584480601 0.10183888601603149 0.01020140044932294 0.17708905915671716 -0.10845579646828446
32.60325406758448 0.10265234844242395 0.015640425112749188 0.1700880673402649 -0.11513459778616417
32.66583229036296 0.10377592853220227 0.0200993232629334 0.16270013737404784 -0.12081126825717756
32.72841051314143 0.10514594309212622 0.023505808055198453 0.15498989903952304 -0.12542705326746964
32.7909887359199 0.10669471238856391 0.02580457525174718 0.14702517501941723 -0.12893877413852511
32.85356695869837 0.10835164694245036 0.026957983722841895 0.1388759877984617 -0.13131933150833353
32.91614518147684 0.11004436464510732 0.02694646696440757 0.13061354608448128 -0.13255796628443803
32.97872340425532 0.11169982938033028 0.025768656851577677 0.12230921909362373 -0.13266026227311262
33.04130162703379 0.11324548528816684 0.023441243829545842 0.1140335212327275 -0.13164791446621904
33.103879849812266 0.11461037650660126 0.019998567842053068 0.10585511640899835 -0.12955825886542977
33.166458072590736 0.11572623081838661 0.015491950801531486 0.09783986099178581 -0.12644357549188195
33.22903629536921 0.11652849643636183 0.009988781384946193 0.09004989479047992 -0.12237017519657313
33.29161451814768 0.11695731171220973 0.003571361126279687 0.08254279790460257 -0.11741728015947904
33.35419274092616 0.11695839717109015 -0.003664446232292857 0.07537082189293674 -0.11167573644103011
33.41677096370463 0.1164838561070495 -0.011610773538781528 0.06858020785173531 -0.10524654972053656
33.479349186483105 0.11549287359312797 -0.020149460701354583 0.06221059908860348 -0.0982392954692347
33.541927409261575 0.11395230368469107 -0.029153909154873318 0.056294557345063875 -0.09077041135348211
33.60450563204005 0.11183713366454637 -0.03849104788301437 0.050857191743739656 -0.0829614018051856
33.66708385481852 0.10913083058636865 -0.048023370827521554 0.04591589477651257 -0.07493699003704579
33.729662077597 0.10582554766610372 -0.0576110337403114 0.04148020511511043 -0.06682323024831656
33.79224030037547 0.10192221028216943 -0.06711395533892915 0.03755177822479197 -0.05874562726841373
33.854818523153945 0.09743046045812889 -0.07639391410132067 0.034124483459441315 -0.05082727333868113
33.917396745932415 0.09236847926064705 -0.08531659107078976 0.031184609047303958 -0.04318704440344746
33.97997496871089 0.0867626799101775 -0.09375354217619958 0.02871118100433814 -0.03593787127663929
34.04255319148936 0.08064727870778861 -0.10158406126032624 0.02667638867369147 -0.029185119575811172
34.10513141426784 0.0740637606450345 -0.10869691663094012 0.025046101391275156 -0.02302509214452288
34.16770963704631 0.06706022923731521 -0.11499192278730107 0.023780484689911424 -0.017543689094740002
34.230287859824784 0.05969067994513417 -0.12038134823310548 0.0228346808716733 -0.012815220962688703
34.292866082603254 0.05201417356089941 -0.1247911096689881 0.02215957385069226 -0.008901421461548898
34.355444305381724 0.04409395456882269 -0.12816176331289503 0.021702598291944864 -0.005850646034472322
34.4180225281602 0.035996508342994456 -0.13044926507528634 0.02140859783943183 -0.00369728196233676
34.48060075093867 0.027790580504215692 -0.13162549631425183 0.021220711504847972 -0.0024613707538522307
34.54317897371715 0.019546169838467867 -0.13167854787079145 0.021081277844536915 -0.002148448248890299
34.60575719649562 0.011333511354560639 -0.13061276052829088 0.020932742059600565 -0.002749602532282509
34.668335419274094 0.0032220650135947296 -0.1284485233500984 0.020718552169544886 -0.004241746906108104
34.73091364205256 -0.0047204766635165945 -0.12522183610595158 0.02038403260579236 -0.006588101150825724
34.79349186483104 -0.012429145534666335 -0.12098364193385412 0.019877220558793894 -0.009738874046417321
34.85607008760951 -0.019842606272512713 -0.11579894433222034 0.01914965375908858 -0.013632133378077263
34.91864831038799 -0.026904004049040607 -0.10974572532657458 0.01815709915508563 -0.01819484727780685
34.981226533166456 -0.03356173730491006 -0.10291367626423303 0.016860210109881757 -0.023344085373439818
35.04380475594493 -0.039770146433868274 -0.09540276827050821 0.015225104580781669 -0.028988354812380865
35.1063829787234 -0.04549010664103351 -0.08732168124413002 0.013223854251572464 -0.03502905324792394
35.16896120150188 -0.05068952634367277 -0.07878612519621689 0.010834886663057252 -0.041362008815915875
35.23153942428035 -0.05534373682875135 -0.06991707132194988 0.008043288005605605 -0.04787909027586623
35.294117647058826 -0.05943573819723224 -0.06083887521619705 0.004840974907881015 -0.054469899693763785
35.356695869837296 -0.06295638118167826 -0.051677460910058697 0.0012268104304182592 -0.061023404943990125
35.41927409261577 -0.06590439315649635 -0.042558414997014696 -0.002793421304022085 -0.06742963763711553
35.48185231539424 -0.06828630254364607 -0.03360513605143415 -0.007207129876100228 -0.0735813322689182
35.54443053817272 -0.07011624551923806 -0.024937035942429835 -0.011995137183409645 -0.07937550810352353
35.60700876095119 -0.07141565951947308 -0.016667805874752 -0.017131995571999813 -0.08471498278812864
35.669586983729666 -0.07221287496784298 -0.00890378797110208 -0.022586394269108835 -0.08950978242752249
35.732165206508135 -0.07254260694236526 -0.0017424716733834768 -0.028321652107048026 -0.09367843111491109
35.794743429286605 -0.07244535894081335 0.004728862528269335 -0.03429628511599192 -0.0971491010180943
35.85732165206508 -0.07196674562620506 0.010434338122069281 -0.04046464249106267 -0.09986061127515956
35.91989987484355 -0.07115674555579174 0.015310497543684857 -0.04677760063440017 -0.10176325998154685
35.98247809762203 -0.07006889815015709 0.0193071198265907 -0.05318330210261607 -0.10281947523752419
36.0450563204005 -0.06875945573829852 0.022387834835993485 -0.059627929622447354 -0.10300428084457677
36.107634543178975 -0.06728650006928713 0.024530530314232604 -0.06605650668667337 -0.10230557417443127
36.170212765957444 -0.06570904488627988 0.025727531952978052 -0.07241370493738959 -0.10072420062255111
36.23279098873592 -0.06408613639040825 0.025985577296788832 -0.07864464827398523 -0.09827384428375256
36.29536921151439 -0.06247594960756502 0.025325572533561325 -0.08469571519328854 -0.09498072491752298
36.35794743429287 -0.060934921131140726 0.02378213488291609 -0.09051530324538896 -0.09088310742117804
36.42052565707134 -0.05951691096576174 0.021402945301884004 -0.09605456271652164 -0.08603064513962086
36.483103879849814 -0.058272403251604 0.01824790075238825 -0.10126809053175125 -0.08048354835316945
36.545682102628284 -0.05724778158284859 0.014388102333635334 -0.1061145533419832 -0.07431161362803469
36.60826032540676 -0.0564846601867441 0.009904679607663279 -0.11055725654926055 -0.06759311256153398
36.67083854818523 -0.056019290258243516 0.004887470892593011 -0.11456464251294234 -0.0604135593438105
36.73341677096371 -0.05588207427283562 -0.0005663885110239364 -0.11811068986038852 -0.05286440649841343
36.79599499374218 -0.05609714301086062 -0.006354010101022446 -0.1211752534000793 -0.04504162897843084
36.858573216520654 -0.05668205091086219 -0.012368343858840366 -0.12374429697494174 -0.037044276741379535
36.92115143929912 -0.057647565674549366 -0.018499825055454232 -0.12581004060818735 -0.028972987113015873
36.9837296620776 -0.058997563697545226 -0.02463804242957472 -0.12737101242228693 -0.020928488082150393
37.04630788485607 -0.06072902916740186 -0.030673406693065598 -0.12843200777905223 -0.013010111062255785
37.10888610763455 -0.0628321570170437 -0.036498785306573585 -0.12900395631339365 -0.005314343473916515
37.171464330413016 -0.06529055561596028 -0.04201108370190551 -0.12910370102983143 0.0020665615890773123
37.234042553191486 -0.06808155046914881 -0.04711277415660691 -0.12875368828298236 0.009045919583232398
37.29662077596996 -0.07117656565918067 -0.05171327221763416 -0.12798159195365302 0.015543805603603753
37.35919899874843 -0.0745416225364325 -0.055730322838046124 -0.12681983239199077 0.02148824319339772
37.42177722152691 -0.07813787864459691 -0.05909107436489912 -0.12530506709181224 0.02681611122357332
37.48435544430538 -0.08192225395069225 -0.061733128666177355 -0.12347760374581063 0.03147402140370014
37.546933667083856 -0.08584811363405345 -0.06360538592992389 -0.12138076771604153 0.0354190075790476
37.609511889862326 -0.08986599740771345 -0.06466872348410267 -0.11906023191009105 0.038619062819721266
37.6720901126408 -0.0939243850163799 -0.06489647021767034 -0.11656331925930855 0.041053491061277855
37.73466833541927 -0.09797048415216617 -0.0642747145278778 -0.1139382891763112 0.042713108369373344
37.79724655819775 -0.10195105043712575 -0.06280240297471004 -0.11123360037561446 0.043600254802524614
37.85982478097622 -0.10581314295288294 -0.06049125617940592 -0.10849723587431927 0.04372864947541601
37.922403003754695 -0.10950496113986682 -0.05736549696858239 -0.1057759595997926 0.04312307086636832
37.984981226533165 -0.11297660030845606 -0.05346138376773681 -0.1031146506012336 0.04181887123462319
38.04755944931164 -0.11618078614551947 -0.048826574594258446 -0.1005556601142803 0.03986134214294113
38.11013767209011 -0.11907356430457999 -0.043519323768849164 -0.09813821282680021 0.03730493520235068
38.17271589486859 -0.1216149290630875 -0.03760753837287252 -0.09589786603007834 0.034212363600229424
38.23529411764706 -0.1237694007576985 -0.031167683550966156 -0.09386601818563861 0.03065357381644023
38.297872340425535 -0.12550652065406676 -0.02428358236046139 -0.09206949387773249 0.026704631138994406
38.360450563204004 -0.12680126789882612 -0.017045130049659865 -0.09053020049262825 0.022446536259053823
38.42302878598248 -0.1276344129156038 -0.009546843939218601 -0.08926484557904778 0.017963901442465898
38.48560700876095 -0.12799274061487198 -0.0018865013287085186 -0.08828476862295635 0.013343717206536815
38.54818523153943 -0.12786921860384953 0.0058363539718735424 -0.0875958250139133 0.008674007192065895
38.6107634543179 -0.12726306098253062 0.013521946846175135 -0.08719836431293483 0.00404245564022273
38.67334167709637 -0.12617969437157975 0.02107169037273501 -0.08708729320986663 -0.0004648529893250134
38.735919899874844 -0.12463063802303466 0.02838966638938304 -0.08725221660935634 -0.004764740708548275
38.798498122653314 -0.1226332975971723 0.03538399060832614 -0.0876776531416294 -0.008778131834896202
38.86107634543179 -0.1202106620282998 0.041968196482667836 -0.08834333758214136 -0.012431256427698665
38.92365456821026 -0.11739093248644328 0.04806240248708693 -0.08922457884707857 -0.015656654556239213
38.98623279098874 -0.1142070718414388 0.053594463091655026 -0.09029268847313993 -0.018394158583557432
39.04881101376721 -0.11069629450167007 0.058500952539781964 -0.0915154583529612 -0.020591721013134102
39.11138923654568 -0.1068994784787394 0.06272804972136313 -0.09285770545604259 -0.022206146981705074
39.17396745932415 -0.10286055814848641 0.066232213696305 -0.0942818287865372 -0.023203638565186598
39.23654568210263 -0.09862585435768938 0.06898075180609856 -0.09574841957955757 -0.023560237571008145
39.2991239048811 -0.0942433753101198 0.07095219989837348 -0.09721689300768738 -0.0232620983134571
39.361702127659576 -0.08976213201739475 0.07213652647830199 -0.09864610264464882 -0.02230560500325753
39.424280350438046 -0.08523139564352326 0.07253518549590465 -0.0999950029585579 -0.020697348915336262
39.48685857321652 -0.08069999050713755 0.07216098007273554 -0.10122327540070325 -0.018453940589003036
39.54943679599499 -0.07621560049416551 0.07103777206458768 -0.10229193870629535 -0.01560168603562972
39.61201501877347 -0.07182406222202149 0.06920000286048175 -0.10316396625178936 -0.012176093643077318
39.67459324155194 -0.06756875373419725 0.06669209778451728 -0.10380481538325577 -0.008221286433130554
39.737171464330416 -0.06348997570287322 0.0635676983471474 -0.10418295900613551 -0.003789260348406716
39.799749687108886 -0.0596244181860855 0.05988880293052579 -0.10427033859645166 0.0010609309366238907
39.86232790988736 -0.05600463872707799 0.05572472197647698 -0.10404280228325022 0.006264155284290891
39.92490613266583 -0.05265866399036921 0.05115100390284526 -0.10348043203473685 0.011750195802860838
39.98748435544431 -0.04960963049644297 0.04624825144657214 -0.10256783306649543 0.017444838426028224
40.05006257822278 -0.046875504905562956 0.041100867055926485 -0.10129435038482201 0.023271015170493348
40.11264080100125 -0.04446888610389254 0.0357957592914152 -0.09965421127866476 0.029149974404181277
40.175219023779725 -0.04239689041613799 0.0304210247504638 -0.09764659289499979 0.035002465074067596
40.237797246558195 -0.04066111857917865 0.025064623635718514 -0.0952756165712967 0.04074991888666817
40.30037546933667 -0.03925770546956736 0.019813069478765717 -0.0925502685438208 0.04631561208286483
40.36295369211514 -0.03817745073781308 0.014750152520913825 -0.0894842491638606 0.05162578961489603
40.42553191489362 -0.03740602790626922 0.009955715437556288 -0.08609575326683708 0.056610735315158846
40.48811013767209 -0.03692426790327772 0.005504499150572336 -0.0824071857324102 0.061205772634242005
40.550688360450565 -0.0367085122236667 0.0014650752749465236 -0.07844481694387916 0.06535218166611242
40.613266583229034 -0.03673102977625467 -0.002101119672593861 -0.07423838383009965 0.06899801954755334
40.67584480600751 -0.03696049012983482 -0.005140636238884723 -0.06982064330379609 0.07209883417419642
40.73842302878598 -0.037362488354416995 -0.007608731665334977 -0.065226882848099 0.07461825520193655
40.80100125156446 -0.03790010696114285 -0.009469961228002899 -0.0604944011112977 0.07652846729928488
40.86357947434293 -0.03853451345573584 -0.010698619794711072 -0.055661960370019026 0.07781054664886777
40.926157697121404 -0.039225579457830215 -0.011279036289300123 -0.05076922335361866 0.07845466441563263
40.988735919899874 -0.039932513906811455 -0.011205710461401725 -0.04585618138025326 0.07846014844261828
41.05131414267835 -0.04061449940002823 -0.010483298907257898 -0.04096258342736341 0.0778354103899145
41.11389236545682 -0.04123132373436509 -0.00912651797454399 -0.03612737155133193 0.07659779929800227
41.1764705882353 -0.04174400386599893 -0.007159698734475613 -0.031388131709292895 0.07477314598154551
41.23904881101377 -0.04211537335847479 -0.004616427885852388 -0.026780575102672028 0.07239538738730195
41.30162703379224 -0.04231063021556828 -0.0015389750335942593 -0.02233806024182645 0.06950600441029181
41.36420525657071 -0.04229788194484012 0.0020224806485962484 -0.01809112246290194 0.06615328129173217
41.42678347934919 -0.04204859800900925 0.006010625432061894 -0.014067086313665917 0.06239157221934173
41.48936170212766 -0.0415380325848843 0.010361942858881241 -0.01028970838391729 0.058280431052376666
41.55193992490613 -0.0407455869473542 0.015007734230068783 -0.0067788763347758465 0.05388366774711921
41.614518147684606 -0.03965509193703 0.019875171938617785 -0.0035503802270460457 0.04926838302608373
41.677096370463076 -0.03825503694507944 0.024888436216758684 -0.0006157337601213216 0.04450393377417713
41.73967459324155 -0.036538720461111375 0.029969874917544305 0.0020179337506049614 0.03966088527585805
41.80225281602002 -0.03450432546568943 0.03504117741980175 0.004347917809415038 0.034809957920749
41.8648310387985 -0.0321549262462151 0.04002455308252549 0.006375917704962406 0.030020976286139336
41.92740926157697 -0.029498418523732247 0.044843890221904055 0.00810794734040063 0.02536184275473399
41.989987484355446 -0.026547378411258166 0.0494258802869456 0.009554183239873506 0.020897548796095754
42.052565707133915 -0.023318854281633657 0.05370108742896489 0.01072875386274012 0.01668924116577292
42.11514392991239 -0.01983409211840314 0.05760495375280674 0.011649470976351953 0.01279335161734621
42.17772215269086 -0.016118200548912248 0.06107872421306641 0.012337509022691094 0.009260803826760406
42.24030037546934 -0.012199761437984059 0.06407027438103426 0.012817038145519719 0.0061363119152638744
42.30287859824781 -0.008110392536551598 0.06653483102576539 0.013114816930713235 0.0034577789171731793
42.365456821026285 -0.003884267032021326 0.06843558153954937 0.013259749290208083 0.001255798272740426
42.428035043804755 0.00044240111495723864 0.06974415685706349 0.013282413808982122 -0.00044672881738951477
42.49061326658323 0.004831895196165726 0.07044098183677534 0.01321457540406831 -0.0016348558232636293
42.5531914893617 0.009245554948412091 0.07051549671988512 0.013088681169738433 -0.0023017365277426256
42.61576971214018 0.013644344233718632 0.0699662397897002 0.012937351986524945 -0.0024486462735983203
42.67834793491865 0.0179894193959198 0.06880079339812062 0.012792876824186901 -0.0020848814779565027
42.740926157697125 0.022242688994436315 0.06703559731988153 0.012686717955053314 -0.0012275418135750437
42.803504380475594 0.026367359691779203 0.06469563159557976 0.012649031694480046 9.880252861382312e-05
42.866082603254064 0.03032845771614443 0.061813974595598585 0.01270821398516651 0.0018625523987199672
42.92866082603254 0.034093318528462146 0.05843124488379818 0.01289047720421905 0.004025621737910502
42.99123904881101 0.03763203783627123 0.05459493664939445 0.013219464084011088 0.0065440707771454755
43.05381727158949 0.040917879242789605 0.05035865723819345 0.013715902749675886 0.0093688223457071
43.11639549436796 0.043927629926220936 0.045781283791379995 0.014397310149164243 0.01244644533658846
43.178973717146434 0.04664190298265139 0.04092604479865241 0.015277744954381963 0.015720000029844465
43.2415519399249 0.049045379185833564 0.03585954775134075 0.016367615892683797 0.01912992572850446
43.30413016270338 0.05112698483237282 0.03065076429809368 0.017673548205540013 0.0226149602409002
43.36670838548185 0.052880012971359726 0.02536999250909687 0.019198301235868367 0.02611307443565797
43.42928660826033 0.054302168041591686 0.020087802689337412 0.020940754829438746 0.02956241426017587
43.4918648310388 0.05539555206577594 0.014873993676596302 0.022895947679386516 0.032902227940079756
43.55444305381727 0.05616658408890754 0.00979656843987145 0.025055174821697918 0.036073769729857125
43.61702127659574 0.05662585661352863 0.004920745195873024 0.02740614053006825 0.03902116612578936
43.67959949937422 0.056787932042416084 0.0003080193920581395 0.029933163542042892 0.04169223115673918
43.74217772215269 0.05667108277872819 -0.003984712393341283 0.03261743108312606 0.044039221255573524
43.804755944931166 0.05629697243687472 -0.007905942129124092 0.0354373033564223 0.04601950765220529
43.867334167709636 0.05569030357163821 -0.011410268641403033 0.038368646173919094 0.04759618207742525
43.92991239048811 0.05487841176198836 -0.014459007652402713 0.04138520882343163 0.048738561025908116
43.99249061326658 0.053890830087904205 -0.017020700017659842 0.04445902585878468 0.04942259659488648
44.05506883604506 0.05275882332715127 -0.019071505020028037 0.04756084308349196 0.0496311821346372
44.11764705882353 0.05151490272028843 -0.020595483231968123 0.05066055814676099 0.04935435774632125
44.180225281602006 0.050192325009154555 -0.021584750240409328 0.05372767197287807 0.04858939931989302
44.242803504380475 0.04882458705964586 -0.022039515311142198 0.05673174126526499 0.04734080470865332
44.305381727158945 0.047444921240290566 -0.02196799703861334 0.05964282726282077 0.045620170444334605
44.36795994993742 0.04608580042102233 -0.021386218928364682 0.06243193289689283 0.04344596245015804
44.43053817271589 0.04477846217781327 -0.020317678736676677 0.06507141962357083 0.040843176154662215
44.49311639549437 0.04355243819939634 -0.018793001386458084 0.06753541919387118 0.03784298247133242
44.55569461827284 0.04243514811356885 -0.016849301941726635 0.0698001805806391 0.03448212167611641
44.618272841051315 0.041451491506763576 -0.014529574005737766 0.07184441915473067 0.030802319752300272
44.680851063829785 0.0406235182659121 -0.011882099649079608 0.07364959635358584 0.026849731273806233
44.74342928660826 0.03997011213113542 -0.008959579972173209 0.07520018056105415 0.022674134787463683
44.80600750938673 0.03950673622626625 -0.005818304250842023 0.07648385351483437 0.018328168382333105
44.86858573216521 0.039245246726323436 -0.0025173274629320883 0.07749165597004189 0.013866579136932004
44.93116395494368 0.03919374024590495 0.0008824848441315678 0.07821809989584995 0.009345357621257263
44.993742177722154 0.03935646991728556 0.004319385130843795 0.07866121988071724 0.004820902512719298
45.056320400500624 0.03973382453254272 0.007731655910874843 0.07882256852226098 0.00034920587455163554
45.1188986232791 0.040322354025182805 0.011058552656083697 0.07870716958935194 -0.004014984676377836
45.18147684605757 0.04111486272109109 0.014241205636923195 0.07832341156438109 -0.008218960850036714
45.24405506883605 0.04210055036600291 0.01722347953825426 0.0776828994778858 -0.012212806460121375
45.30663329161452 0.04326521249786206 0.019952795413037218 0.07680025456709086 -0.015950111067015875
45.369211514392994 0.04459148717358765 0.022380886858814324 0.07569287407717035 -0.01938862067632767
45.431789737171464 0.046059140817555876 0.024464492651774018 0.07438065761680317 -0.022490828161890908
45.49436795994994 0.04764540637132124 0.02616595572969644 0.07288568901254694 -0.025224475356565617
45.55694618272841 0.04932535075262659 0.02745373938726575 0.07123189396577391 -0.027562978651305726
45.61952440550689 0.051072269270199075 0.02830285161077917 0.06944467583764302 -0.029485770242442446
45.68210262828536 0.05285810604440806 0.028695168030690995 0.06755053064315666 -0.0309785466357888
45.744680851063826 0.05465389314739488 0.02861963398669016 0.06557664824614635 -0.032033407719970326
45.8072590738423 0.056430194944516426 0.028072368842971596 0.06355051128152504 -0.03264890828740733
45.86983729662077 0.05815755371579864 0.0270567306082246 0.06149949389784674 -0.03283007407859756
45.93241551939925 0.05980694973896628 0.025583085593988402 0.05945045474266774 -0.03258815375006839
45.99499374217772 0.06135023166239677 0.02366866848119396 0.05742935431696189 -0.03194045415794814
46.057571964956196 0.06276052553718199 0.021337281274765075 0.05546089533232801 -0.030910034145512674
46.120150187734666 0.06401264244847224 0.01861885706282444 0.053568167602311 -0.029525278040132653
46.18272841051314 0.06508345242884171 0.015548967528433513 0.0517723244534318 -0.027819422217505323
46.24530663329161 0.06595220437959237 0.012168263082062338 0.05009230904324465 -0.025830026711561146
46.30788485607009 0.0666008377151843 0.008521811725411322 0.04854459054472517 -0.023598357403506246
46.37046307884856 0.06701423092343797 0.004658393691041762 0.04714295780537886 -0.02116873473304346
46.433041301627036 0.06718041332143156 0.0006297480969158613 0.04589834707155539 -0.01858784311550267
46.495619524405505 0.06709072193134905 -0.0035102204313808517 0.044818719749176505 -0.015904009844049743
46.55819774718398 0.0667399136496071 -0.00770625325658119 0.04390898056790155 -0.013166472036409742
46.62077596996245 0.06612622624752473 -0.01190258702018607 0.04317094240656044 -0.010424614711039452
46.68335419274093 0.06525137881461873 -0.01604375919511334 0.04260334418031302 -0.007727253479464654
46.7459324155194 0.06412053094443936 -0.020075452332553825 0.0422019065507475 -0.00512188663618765
46.808510638297875 0.06274218511620723 -0.023945272828841336 0.04195943681040806 -0.0026540108739556375
46.871088861076345 0.061128043275371254 -0.02760351515614066 0.04186597435034466 -0.00036645422539587037
46.93366708385482 0.05929281224759934 -0.031003883913243872 0.04190898083171985 0.0017012486482715565
46.99624530663329 0.05725397381609852 -0.034104147987885 0.04207356028075208 0.0035134174139753844
47.05882352941177 0.05503151011910132 -0.03686670307274493 0.0423427168785281 0.005038701235220083
47.12140175219024 0.0526475965012557 -0.03925911990756385 0.042697641490940845 0.0062505381921346675
47.18397997496871 0.050126265870233284 -0.04125457012995405 0.04311802067237171 0.0071275030541049335
47.246558197747184 0.047493044735651746 -0.04283216314410617 0.04358236880295089 0.007653573172642907
47.309136420525654 0.0447745744687393 -0.04397721577416096 0.04406837178825336 0.007818333149086127
47.37171464330413 0.04199821573344176 -0.04468139969958513 0.04455324280922597 0.007617069104237823
47.4342928660826 0.03919165096476864 -0.04494282536316999 0.04501407826003508 0.007050806210940511
47.49687108886108 0.03638247913018666 -0.04476599560737657 0.045428217393065067 0.006126229512210182
47.55944931163955 0.03359782080723857 -0.04416168271479386 0.0457735908656284 0.004855537516232105
47.622027534418024 0.03086393068781387 -0.04314670640778207 0.0460290602226023 0.003256208309638616
47.68460575719649 0.028205830613807204 -0.04174364450630675 0.046174737377801305 0.0013507076470477338
47.74718397997497 0.02564696007998536 -0.03998042569552323 0.046192285593815365 -0.0008339062841649755
47.80976220275344 0.023208853262365277 -0.03788987682351719 0.046065195640568386 -0.0032664160836287735
47.87234042553192 0.020910851637977276 -0.03550917771830264 0.045779027874494095 -0.005911957353938636
47.934918648310386 0.018769848391158372 -0.03287928648123557 0.045321625186330046 -0.008732554207651884
47.99749687108886 0.01680007506706701 -0.030044278734116123 0.04468328607891507 -0.011687727416243129
48.06007509386733 0.015012920888958543 -0.02705067358892204 0.04385690823006463 -0.01473511130118203
48.12265331664581 0.013416809167009191 -0.02394670857297669 0.042838079775357696 -0.01783111070464212
48.18523153942428 0.012017107225919432 -0.02078162120943795 0.0416251408027775 -0.020931548872724224
48.247809762202756 0.010816094815737596 -0.017604895492302295 0.04021919171628358 -0.023992341094638246
48.310387984981226 0.009812960686963638 -0.01446552881446573 0.03862407693884277 -0.026970147471131117
48.3729662077597 0.009003862034182736 -0.011411307053219018 0.03684631262770329 -0.029823012502324248
48.43554443053817 0.008382025856244611 -0.008488103033280016 0.034894977507727035 -0.03251097990956364
48.49812265331665 0.007937882325402315 -0.005739214286267259 0.032781576072637514 -0.03499666944665234
48.56070087609512 0.007659249805067364 -0.003204741180833429 0.030519856622488028 -0.03724581289944346
48.62327909887359 0.00753155357642009 -0.0009210192584988221 0.028125600516672317 -0.039227738639090876
48.685857321652065 0.0075380745623631895 0.0010798822032113305 0.025616386257159517 -0.04091579437291578
48.748435544430535 0.007660232366416157 0.002770601396608961 0.023011324394286832 -0.04228771302695127
48.81101376720901 0.007877892507988118 0.004128846923395127 0.020330772745915097 -0.04332590665088926
48.87359198998748 0.008169690262021297 0.005137679255987081 0.01759603879709329 -0.0440176861986738
48.93617021276596 0.008513374630934134 0.005785715713577239 0.01482906600328153 -0.04435541129954243
48.99874843554443 0.008886159337104316 0.006067245838936651 0.012052116043224826 -0.04433655957387859
49.061326658322905 0.009265079117479239 0.00598226378311556 0.0092874483954579 -0.043963721538949355
49.123904881101375 0.009627345489679189 0.00553641440575554 0.00655700253304946 -0.043244518720938804
49.18648310387985 0.009950697057851215 0.004740855615650236 0.0038820870840603084 -0.04219144768488715
49.24906132665832 0.01021373775262766 0.003612039732328056 0.001283081795857975 -0.040821653079717204
49.3116395494368 0.01039625862499749 0.0021714183991541976 -0.0012208438914433689 -0.03915663414450697
49.37421777221527 0.010479540457075002 0.00044507494812033946 -0.0036119933109319195 -0.037221888406389
49.436795994993744 0.010446630453977219 -0.0015367093873868889 -0.005874380208561895 -0.03504649889914028
49.499374217772214 0.010282588873622467 -0.0037399461939602563 -0.00799393807827225 -0.03266267350053987
49.56195244055069 0.009974704960026504 -0.006127482990759753 -0.009958700736807385 -0.03010524049371334
49.62453066332916 0.00951267698855511 -0.008659589126710193 -0.011758949732123143 -0.027411109395267162
49.68710888610764 0.008888754029032664 -0.01129457360926606 -0.013387326711127811 -0.024618706940125218
49.74968710888611 0.00809783855051085 -0.0139894258290075 -0.014838910185044574 -0.021767396352030052
49.812265331664584 0.007137548560329077 -0.016700470191412183 -0.016111255744014553 -0.018896888027273514
49.87484355444305 0.006008239742081099 -0.019384037574793855 -0.01720440006472568 -0.016046638988540925
49.93742177722153 0.004712982708316006 -0.02199710038639995 -0.018120825650070633 -0.013255288969282773
50.0 0.0032575033728210693 -0.02449793039090653 -0.018865392006110693 -0.01056007967974509
