Estación:       APATZINGAN,  MICH
Operada por:    SMN EMAS
Longitud:       102°22'18"  Latitud: 19°04'58"  Altitud: 282

DD/MM/AAAA HH:MM      DIRS      DIRR      VELS      VELR      TEMP        HR        PB      PREC   RADSOL
26/01/2018 17:00       282       286      6.14     12.40      23.8        60     981.8       0.0     455.5
26/01/2018 18:00       261       266      6.31     14.30      26.0        50     980.7       0.0     744.7
26/01/2018 19:00       242       230      3.49      9.90      29.2        42     979.2       0.0     843.3
26/01/2018 20:00       293       283      5.06     13.40      31.2        36     977.6       0.0     792.2
26/01/2018 21:00       269       246      4.75     13.40      32.0        32     976.3       0.0     627.2
26/01/2018 22:00       206       268      3.16     12.10      32.5        31     975.4       0.0     430.2
26/01/2018 23:00        96       130      2.37      7.90      32.0        32     975.2       0.0     197.3
27/01/2018 00:00       161       196      1.74      5.80      28.8        44     975.3       0.0      28.0
27/01/2018 01:00        66        66      3.84      7.80      24.8        58     975.9       0.0       0.0
27/01/2018 02:00        91        66      2.61      9.40      23.5        63     976.4       0.0       0.0
27/01/2018 03:00       119        84      3.48      8.30      22.3        68     976.9       0.0       0.0
27/01/2018 04:00        83       105      3.44      7.50      21.7        71     977.5       0.0       0.0
27/01/2018 05:00        91        19      1.39      7.60      21.0        74     977.6       0.0       0.0
27/01/2018 06:00        84        82      3.72      9.10      20.3        74     977.6       0.0       0.0
27/01/2018 07:00       112       106      3.45      7.20      20.0        75     977.3       0.0       0.0
27/01/2018 08:00        20        16      3.33      5.50      19.3        78     977.1       0.0       0.0
27/01/2018 09:00        74        16      0.91      4.20      18.9        80     976.6       0.0       0.0
27/01/2018 10:00       112       107      3.13      5.30      18.5        81     976.5       0.0       0.0
27/01/2018 11:00       117        50      1.18      4.50      17.7        84     976.6       0.0       0.0
27/01/2018 12:00       101        43      2.21      4.60      17.4        86     977.1       0.0       0.0
27/01/2018 13:00        40        18      0.68      5.60      16.9        88     977.5       0.0       7.0
27/01/2018 14:00       260       223      1.40      5.80      18.4        84     978.3       0.0     131.7
27/01/2018 15:00       281       274      3.71      8.00      22.8        62     979.0       0.0     357.3
27/01/2018 16:00       307       268      3.13      7.80      25.5        50     979.5       0.0     563.8
27/01/2018 17:00       293       292      2.71      9.90      28.1        42     978.9       0.0     760.7
27/01/2018 18:00       254       236      4.18     12.00      30.1        39     977.7       0.0     835.2
27/01/2018 19:00       214       248      4.04     12.40      31.9        33     976.2       0.0     843.5
27/01/2018 20:00       230       239      4.74     15.30      33.3        30     974.6       0.0     759.7
27/01/2018 21:00       158       129      3.07      9.70      34.5        27     973.2       0.0     616.8
27/01/2018 22:00       225       181      1.54      8.90      32.4        35     972.8       0.0     139.0
27/01/2018 23:00       311       264      2.71      6.80      29.7        46     973.0       0.0      64.8
28/01/2018 00:00       144       113      1.78      8.50      28.0        52     973.2       0.0      25.3
28/01/2018 01:00        64       102      0.88      8.20      26.0        59     973.9       0.0       0.0
28/01/2018 02:00       267       232      2.52     10.10      25.3        59     974.9       0.0       0.0
28/01/2018 03:00       323       304      1.93      9.80      24.3        60     975.5       0.0       0.0
28/01/2018 04:00       152       129      2.21      7.70      23.2        62     976.2       0.0       0.0
28/01/2018 05:00        72       356      3.21      9.40      23.3        55     976.4       0.0       0.0
28/01/2018 06:00       129       109      4.90     12.90      23.0        55     976.4       0.0       0.0
28/01/2018 07:00        87       108      3.35      8.90      21.9        57     976.4       0.0       0.0
28/01/2018 08:00       120        23      0.59      8.10      20.5        64     976.2       0.0       0.0
28/01/2018 09:00        62       116      2.24      6.90      19.7        69     975.8       0.0       0.0
28/01/2018 10:00        87        49      1.87      5.10      18.4        75     975.7       0.0       0.0
28/01/2018 11:00       121       142      2.20      4.60      18.1        76     975.9       0.0       0.0
28/01/2018 12:00        55        86      1.13      4.50      17.6        79     976.2       0.0       0.0
28/01/2018 13:00        96       106      1.87      4.10      17.2        82     977.1       0.0       6.5
28/01/2018 14:00       196       122     29.16      4.20      19.0        74     977.9       0.0     132.8
28/01/2018 15:00       269       280      2.64      9.10      23.2        54     978.7       0.0     364.5
28/01/2018 16:00       245       256     42.87     10.90      25.7        47     979.0       0.0     564.5
28/01/2018 17:00       295       230      3.91     11.20      27.9        41     978.6       0.0     731.2
28/01/2018 18:00       272       252      6.23     16.80      29.6        36     977.6       0.0     791.8
28/01/2018 19:00       308       271      1.85     13.10      31.1        32     976.4       0.0     783.2
28/01/2018 20:00       222       112      1.70     11.50      32.9        28     974.9       0.0     744.0
28/01/2018 21:00       275       257      3.60     13.10      33.7        27     973.8       0.0     633.3
28/01/2018 22:00       122        98      3.34     12.20      33.4        27     973.0       0.0     338.8
28/01/2018 23:00        87       107      2.86      8.20      31.2        32     973.0       0.0      74.8
29/01/2018 00:00        83        46      2.67      6.70      28.6        40     973.7       0.0       1.7
29/01/2018 01:00       103        87      3.28      7.60      27.7        44     974.1       0.0       0.0
29/01/2018 02:00       121        94      1.88     25.60      25.8        54     975.4       0.2       0.2
29/01/2018 03:00       230       229      2.63     16.30      27.0        39     976.3       0.0       0.0
29/01/2018 04:00       228       230      2.52     13.50      25.2        50     976.4       0.0       0.0
29/01/2018 05:00       124       248      3.51      9.60      24.2        54     976.6       0.0       0.0
29/01/2018 06:00        55        34      4.64      8.50      23.2        58     976.9       0.0       0.0
29/01/2018 07:00        89        51      2.23      7.30      21.9        66     976.7       0.0       0.0
29/01/2018 08:00        46        51      1.46      5.00      20.6        72     976.5       0.0       0.0
29/01/2018 09:00        27        38      2.95      6.30      20.4        73     976.3       0.0       0.0
29/01/2018 10:00       322       352      1.76      3.90      19.9        75     976.4       0.0       0.0
29/01/2018 11:00       322       347      1.62      6.40      20.1        68     976.6       0.0       0.0
29/01/2018 12:00       352       139      1.04      3.90      19.9        69     977.3       0.0       0.0
29/01/2018 13:00       102        65      0.86      4.50      19.9        69     978.2       0.0       4.5
29/01/2018 14:00        98        85      2.18      5.20      20.1        72     979.3       0.0      59.3
29/01/2018 15:00       159        76      0.89      4.10      21.8        73     980.1       0.0     118.2
29/01/2018 16:00       242       256      2.57      5.50      23.2        63     980.4       0.0     171.2
29/01/2018 17:00       246       256      3.82      7.00      24.4        56     980.2       0.0     227.8
29/01/2018 18:00       250       161      3.79     14.20      25.3        52     979.4       0.0     177.7
29/01/2018 19:00       289       198      2.74      9.10      26.5        47     978.5       0.0     317.7
29/01/2018 20:00       291       295      5.02     11.80      29.2        38     977.0       0.0     666.7
29/01/2018 21:00       287       300      5.38     14.50      30.5        33     975.8       0.0     426.5
29/01/2018 22:00       307       274      5.67     12.20      29.4        38     975.4       0.0     144.8
29/01/2018 23:00       297       325      3.89      8.60      27.8        43     975.4       0.0      72.8
30/01/2018 00:00       191       290      1.92      7.40      26.1        51     975.8       0.0      12.0
30/01/2018 01:00       118       110      3.52      6.30      24.5        54     976.5       0.0       0.0
30/01/2018 02:00       107        94      4.24      8.40      24.1        52     977.6       0.0       0.0
30/01/2018 03:00        54        72      3.45      8.80      23.6        51     978.6       0.0       0.0
30/01/2018 04:00        33        52      4.82      9.50      23.0        52     979.3       0.0       0.0
30/01/2018 05:00        34        15      1.75      7.70      22.4        53     979.2       0.0       0.0
30/01/2018 06:00       341       329      2.80      7.20      21.7        55     979.0       0.0       0.0
30/01/2018 07:00       338       338      3.13      7.70      22.3        50     978.8       0.0       0.0
30/01/2018 08:00        12         3      2.37      8.20      21.9        51     978.8       0.0       0.0
30/01/2018 09:00         1         9      5.01      9.30      21.5        50     978.8       0.0       0.0
30/01/2018 10:00        30       359      1.14      9.30      20.9        52     978.5       0.0       0.0
30/01/2018 11:00       355       320      3.18      8.70      19.9        59     978.4       0.0       0.0
30/01/2018 12:00       324       355      3.81     10.10      20.0        52     979.0       0.0       0.0
30/01/2018 13:00       330       345      4.53      8.50      19.8        51     979.6       0.0       5.3
30/01/2018 14:00       324       283      5.48     11.40      21.4        45     980.0       0.0     154.0
30/01/2018 15:00       297       283      4.68     11.70      23.2        39     980.7       0.0     258.2
30/01/2018 16:00       261       227      4.61     14.00      24.2        36     981.2       0.0     415.7
30/01/2018 17:00       272       230      5.93     12.40      25.4        32     981.6       0.0     342.0
30/01/2018 18:00       305       309      7.78     16.70      25.6        32     981.2       0.0     405.7
30/01/2018 19:00       294       273      5.52     17.00      25.8        31     980.5       0.0     208.2
30/01/2018 20:00       242       336      5.12     15.50      25.2        35     979.4       0.0     180.5
30/01/2018 21:00       234       231      9.68     16.80      25.7        35     978.8       0.0     200.0
30/01/2018 22:00       297       324      4.21     11.40      25.0        37     978.5       0.0     101.2
30/01/2018 23:00       231       230      2.20      9.40      24.3        42     977.8       0.0      63.8
31/01/2018 00:00         9         4      3.22      6.30      23.1        47     977.9       0.0      22.5
31/01/2018 01:00       286       347      1.37      5.70      21.3        52     978.1       0.0       0.0
31/01/2018 02:00        33        50      2.59      7.10      20.7        52     978.7       0.0       0.0
31/01/2018 03:00        89       101      2.82      7.60      20.5        52     979.2       0.0       0.0
31/01/2018 04:00       106        81      3.84      7.80      19.7        56     979.7       0.0       0.0
31/01/2018 05:00        95        71      3.38      8.50      19.3        58     979.7       0.0       0.0
31/01/2018 06:00       209       247      0.64      5.40      18.7        63     979.6       0.0       0.0
31/01/2018 07:00        86        94      3.48      5.70      18.8        60     979.4       0.0       0.0
31/01/2018 08:00        79       195      0.18      7.30      18.2        64     979.1       0.0       0.0
31/01/2018 09:00       295         0      1.40      4.40      17.3        69     979.0       0.0       0.0
31/01/2018 10:00        48         7      1.17      3.90      17.0        68     978.8       0.0       0.0
31/01/2018 11:00         9       342      3.45      5.90      17.5        65     979.2       0.0       0.0
31/01/2018 12:00        31        47      1.68      6.30      17.5        67     980.0       0.0       0.0
31/01/2018 13:00       345       340      0.91      5.10      17.3        68     980.8       0.0       2.3
31/01/2018 14:00       112       121      1.76      4.40      17.5        68     981.5       0.0      46.5
31/01/2018 15:00       107        87      2.18      5.50      18.6        68     982.6       0.0      92.7
31/01/2018 16:00        71        77      1.95      5.70      20.2        55     983.1       0.0      97.5
31/01/2018 17:00       163       162      4.62     18.10      21.8        49     982.5       0.0     280.0
31/01/2018 18:00       259       188      6.15     16.40      24.2        35     981.5       0.0     364.7
31/01/2018 19:00       233       225      5.26     14.50      25.0        30     980.0       0.0     429.3
31/01/2018 20:00       248       240      6.70     14.70      26.2        28     978.5       0.0     374.3
31/01/2018 21:00       264       279      4.92     10.20      25.7        34     978.1       0.0     187.5
31/01/2018 22:00       240       237      0.12      7.30      25.4        39     978.1       0.0     111.5
31/01/2018 23:00        41        20      3.59      6.70      24.0        48     978.4       0.0      42.2
01/02/2018 00:00        68        25      2.27      7.30      22.4        58     978.9       0.0      11.7
01/02/2018 01:00        62        35      2.81      7.60      21.8        57     979.4       0.0       0.0
01/02/2018 02:00       269        35      0.78      6.90      21.4        59     979.9       0.0       0.0
01/02/2018 03:00       323       342      1.83      5.90      20.3        65     980.9       0.0       0.0
01/02/2018 04:00       353       267      1.76      5.10      19.9        68     981.1       0.0       0.0
01/02/2018 05:00       337       284      2.70      6.60      19.8        65     981.1       0.0       0.0
01/02/2018 06:00        96       143      1.44      6.00      19.9        62     980.9       0.0       0.0
01/02/2018 07:00        85        13      2.43      6.90      19.5        63     980.6       0.0       0.0
01/02/2018 08:00       352        26      0.58      5.70      18.5        68     980.2       0.0       0.0
01/02/2018 09:00        86        43      1.74      6.90      18.3        68     979.5       0.0       0.0
01/02/2018 10:00       110        94      2.41      6.30      17.7        69     979.2       0.0       0.0
01/02/2018 11:00       113       198      1.04      9.30      16.7        72     979.5       0.0       0.0
01/02/2018 12:00        86        82      3.35      5.70      16.4        72     980.1       0.0       0.0
01/02/2018 13:00       140        48      1.03      7.10      16.7        74     980.6       0.0       8.0
01/02/2018 14:00       349        54      1.67      4.60      18.6        67     981.6       0.0     134.8
01/02/2018 15:00       203       189      1.83      6.60      22.7        51     982.0       0.0     333.2
01/02/2018 16:00       258       264      7.57     16.30      24.5        44     981.9       0.0     540.2
01/02/2018 17:00       266       240      7.96     18.50      25.7        40     981.6       0.0     633.2
01/02/2018 18:00       274       239      6.78     16.40      27.7        33     980.6       0.0     655.7
01/02/2018 19:00       255       270      6.90     15.80      29.0        30     979.6       0.0     630.3
01/02/2018 20:00       261       265      6.90     16.00      30.9        28     978.7       0.0     749.3
01/02/2018 21:00       269       281      8.45     18.00      32.1        27     977.9       0.0     695.0
01/02/2018 22:00       263       252      9.03     19.00      31.7        28     977.6       0.0     318.5
01/02/2018 23:00       262       255      7.45     15.20      30.8        32     977.7       0.0     129.3
02/02/2018 00:00       254       257      4.81     10.90      28.7        38     977.8       0.0      34.0
02/02/2018 01:00       302       250      3.50      9.90      25.9        46     978.4       0.0       0.0
02/02/2018 02:00       315       254      2.98     10.60      24.9        49     979.2       0.0       0.0
02/02/2018 03:00       311       284      4.44     10.90      24.1        54     979.9       0.0       0.0
02/02/2018 04:00       250       292      1.65      8.70      23.8        56     979.9       0.0       0.0
02/02/2018 05:00        34        30      3.56      7.90      22.9        59     980.0       0.0       0.0
02/02/2018 06:00       272       250      3.77     11.90      23.2        56     979.9       0.0       0.0
02/02/2018 07:00        91        62      3.56      6.80      22.5        59     979.8       0.0       0.0
02/02/2018 08:00        56        42      2.67      6.80      21.2        65     979.6       0.0       0.0
02/02/2018 09:00        92        94      3.90      7.80      20.0        68     979.0       0.0       0.0
02/02/2018 10:00        82       113      0.89      7.50      19.6        70     978.6       0.0       0.0
02/02/2018 11:00        19       304      1.42      4.80      18.6        73     978.6       0.0       0.0
02/02/2018 12:00       120       113      3.71      6.40      17.9        76     978.7       0.0       0.0

